CondFile,Instructions,LettersDisplayed,Correctness,Targets,ISI,Prompt_Looper.thisRepN,Prompt_Looper.thisTrialN,Prompt_Looper.thisN,Prompt_Looper.thisIndex,trials.thisRepN,trials.thisTrialN,trials.thisN,trials.thisIndex,InnerLoop.thisRepN,InnerLoop.thisTrialN,InnerLoop.thisN,InnerLoop.thisIndex,InstrKey1.keys,InstrKey1.rt,key_resp_8.keys,key_resp_8.rt,key_resp_9.keys,key_resp_9.rt,key_resp_4.keys,key_resp_4.rt,key_resp_3.keys,key_resp_3.rt,TextInstru.started,TextInstru.stopped,ContinueButton.keys,ContinueButton.rt,key_resp_7.keys,key_resp_7.rt,key_resp_5.keys,key_resp_5.rt,Scanner_control.keys,Scanner_control.rt,Scanner_control.started,Scanner_control.stopped,time_ScannerPromptBegin,time_ScannerPromptEnd,time_vol1,time_InitialRestBegin,time_InitialRestEnd,PreInstrWarning.started,PreInstrWarning.stopped,time_InstructionsBegin,time_InstructionsEnd,time_TransitionBegin,time_TaskStartTimer,N_backD.started,N_backD.stopped,key_resp.keys,key_resp.corr,key_resp.rt,key_resp.started,key_resp.stopped,Fixation.started,Fixation.stopped,time_trialBegin,time_trialEnd,time_TaskBlockEnd,FixationPoint.started,FixationPoint.stopped,time_RestBlockBegin,time_RestBlockEnd,PreInstrWarning2.started,PreInstrWarning2.stopped,EndExperimentText.started,EndExperimentText.stopped,participant,Task Version (1 or 2),Pre or post,date,expName,psychopyVersion,frameRate,
,,,,,,,,,,,,,,,,,,1,0.9085077213421755,,,,,,,,,,,,,,,,,,,,,,,,,,,,,,,,,,,,,,,,,,,,,,,,,,,,P043,1,NA,2023_Oct_19_1338,N-Back for Neuroimaging,2021.1.4,120.14169291701242,
,,,,,,,,,,,,,,,,,,,,1,1.295558284224171,,,,,,,,,,,,,,,,,,,,,,,,,,,,,,,,,,,,,,,,,,,,,,,,,,P043,1,NA,2023_Oct_19_1338,N-Back for Neuroimaging,2021.1.4,120.14169291701242,
,,,,,,,,,,,,,,,,,,,,,,2,0.8271583742935036,,,,,,,,,,,,,,,,,,,,,,,,,,,,,,,,,,,,,,,,,,,,,,,,P043,1,NA,2023_Oct_19_1338,N-Back for Neuroimaging,2021.1.4,120.14169291701242,
,,,,,,,,,,,,,,,,,,,,1,0.8134614355858503,,,,,,,,,,,,,,,,,,,,,,,,,,,,,,,,,,,,,,,,,,,,,,,,,,P043,1,NA,2023_Oct_19_1338,N-Back for Neuroimaging,2021.1.4,120.14169291701242,
,,,,,,,,,,,,,,,,,,,,,,,,2,3.3412618140337145,,,,,,,,,,,,,,,,,,,,,,,,,,,,,,,,,,,,,,,,,,,,,,P043,1,NA,2023_Oct_19_1338,N-Back for Neuroimaging,2021.1.4,120.14169291701242,
,,,,,,,,,,,,,,,,,,,,,,,,,,2,6.826871304323504,,,,,,,,,,,,,,,,,,,,,,,,,,,,,,,,,,,,,,,,,,,,P043,1,NA,2023_Oct_19_1338,N-Back for Neuroimaging,2021.1.4,120.14169291701242,
,,,,,,,,,,,,,,,,,,,,,,,,,,,,28.205947044765708,None,2,5.607223899647579,,,,,,,,,,,,,,,,,,,,,,,,,,,,,,,,,,,,,,,,P043,1,NA,2023_Oct_19_1338,N-Back for Neuroimaging,2021.1.4,120.14169291701242,
,,,,,,,,,,,,,,,,,,,,,,,,,,,,,,,,2,2.362870127430142,,,,,,,,,,,,,,,,,,,,,,,,,,,,,,,,,,,,,,P043,1,NA,2023_Oct_19_1338,N-Back for Neuroimaging,2021.1.4,120.14169291701242,
,,,,,,,,,,,,,,,,,,,,,,,,,,,,,,,,,,2,2.545504167022955,,,,,,,,,,,,,,,,,,,,,,,,,,,,,,,,,,,,P043,1,NA,2023_Oct_19_1338,N-Back for Neuroimaging,2021.1.4,120.14169291701242,
Conditions/Version_1/zeroback(1)_v1.xlsx,Rule: Press 'right' when you see the letter 'x' or 'X'.,P,1,Three,1.5,,,,,0,0,0,0,0,0,0,0,,,,,,,,,,,,,,,,,,,5,1.4850670742252987,75.33471674311477,None,62.725593765202575,64.22453847981706,64.22454252305579,64.22456771554607,84.22371241498331,95.82341464597994,None,86.53304819167715,93.22598938058945,93.2284252765894,96.22900128264155,108.95193024230866,109.45513279863007,1,1,0.6915493816322851,108.95193024230866,None,109.55497094466227,None,96.25355836135714,98.32960982121585,,,,,,,,,,P043,1,NA,2023_Oct_19_1338,N-Back for Neuroimaging,2021.1.4,120.14169291701242,
Conditions/Version_1/zeroback(1)_v1.xlsx,Rule: Press 'right' when you see the letter 'x' or 'X'.,B,1,Three,1.2,,,,,0,0,0,0,0,1,1,1,,,,,,,,,,,,,,,,,,,,,,,,,,,,,,,,,,111.02689873614509,111.53468725857238,1,1,0.390598660629621,111.02689873614509,None,111.62662740370615,113.02620018885136,98.33176362353879,100.42898392781535,,,,,,,,,,P043,1,NA,2023_Oct_19_1338,N-Back for Neuroimaging,2021.1.4,120.14169291701242,
Conditions/Version_1/zeroback(1)_v1.xlsx,Rule: Press 'right' when you see the letter 'x' or 'X'.,t,1,Three,1,,,,,0,0,0,0,0,2,2,2,,,,,,,,,,,,,,,,,,,,,,,,,,,,,,,,,,113.12768020094336,113.63410179756283,1,1,0.365781570542822,113.12768020094336,None,113.72572439292344,None,100.43117069808795,102.52267355136973,,,,,,,,,,P043,1,NA,2023_Oct_19_1338,N-Back for Neuroimaging,2021.1.4,120.14169291701242,
Conditions/Version_1/zeroback(1)_v1.xlsx,Rule: Press 'right' when you see the letter 'x' or 'X'.,x,2,Three,1,,,,,0,0,0,0,0,3,3,3,,,,,,,,,,,,,,,,,,,,,,,,,,,,,,,,,,115.21804659304325,115.72529612060498,1,0,0.288383090053685,115.21804659304325,117.2248930407768,115.82593140676181,115.13056925073215,102.52513308476773,104.62763385920334,,,,,,,,,,P043,1,NA,2023_Oct_19_1338,N-Back for Neuroimaging,2021.1.4,120.14169291701242,
Conditions/Version_1/zeroback(1)_v1.xlsx,Rule: Press 'right' when you see the letter 'x' or 'X'.,T,1,Three,1.8,,,,,0,0,0,0,0,4,4,4,,,,,,,,,,,,,,,,,,,,,,,,,,,,,,,,,,117.32648564152623,117.83439826028734,1,1,0.3748978304593038,117.32648564152623,None,117.92490865390027,None,104.63075430667232,106.72314916068717,,,,,,,,,,P043,1,NA,2023_Oct_19_1338,N-Back for Neuroimaging,2021.1.4,120.14169291701242,
Conditions/Version_1/zeroback(1)_v1.xlsx,Rule: Press 'right' when you see the letter 'x' or 'X'.,t,1,Three,1.8,,,,,0,0,0,0,0,5,5,5,,,,,,,,,,,,,,,,,,,,,,,,,,,,,,,,,,119.42571761272302,119.93263217348431,1,1,0.39165083583066007,119.42571761272302,119.33268268286884,120.02529481432794,119.33268268286884,106.72535179289662,108.82201381917002,,,,,,,,,,P043,1,NA,2023_Oct_19_1338,N-Back for Neuroimaging,2021.1.4,120.14169291701242,
Conditions/Version_1/zeroback(1)_v1.xlsx,Rule: Press 'right' when you see the letter 'x' or 'X'.,X,2,Three,1.5,,,,,0,0,0,0,0,6,6,6,,,,,,,,,,,,,,,,,,,,,,,,,,,,,,,,,,121.52505750730052,122.03213130947552,2,1,0.35018804171704687,121.52505750730052,121.43229876177429,122.12395762187953,121.43229876177429,108.82451502903132,110.92291471502722,,,,,,,,,,P043,1,NA,2023_Oct_19_1338,N-Back for Neuroimaging,2021.1.4,120.14169291701242,
Conditions/Version_1/zeroback(1)_v1.xlsx,Rule: Press 'right' when you see the letter 'x' or 'X'.,g,1,Three,1,,,,,0,0,0,0,0,7,7,7,,,,,,,,,,,,,,,,,,,,,,,,,,,,,,,,,,123.62445587333423,124.1316304454649,1,1,0.45502083201245114,123.62445587333423,123.53177177222096,124.22330498089832,123.53177177222096,110.92548154976794,113.01997080159526,,,,,,,,,,P043,1,NA,2023_Oct_19_1338,N-Back for Neuroimaging,2021.1.4,120.14169291701242,
Conditions/Version_1/zeroback(1)_v1.xlsx,Rule: Press 'right' when you see the letter 'x' or 'X'.,G,1,Three,1.6,,,,,0,0,0,0,0,8,8,8,,,,,,,,,,,,,,,,,,,,,,,,,,,,,,,,,,125.72300515917414,126.22703409134738,1,1,0.46338940372879733,125.72300515917414,125.63130263208586,126.32433712651437,125.63130263208586,113.02506683785214,115.12034358823257,,,,,,,,,,P043,1,NA,2023_Oct_19_1338,N-Back for Neuroimaging,2021.1.4,120.14169291701242,
Conditions/Version_1/zeroback(1)_v1.xlsx,Rule: Press 'right' when you see the letter 'x' or 'X'.,x,2,Three,1.4,,,,,0,0,0,0,0,9,9,9,,,,,,,,,,,,,,,,,,,,,,,,,,,,,,,,,,127.81422156452209,128.31690223199257,2,1,0.31409498003813496,127.81422156452209,127.7273553733412,128.41430043878427,127.7273553733412,115.12180537464701,117.21265602237509,,,,,,,,,,P043,1,NA,2023_Oct_19_1338,N-Back for Neuroimaging,2021.1.4,120.14169291701242,
Conditions/Version_1/zeroback(1)_v1.xlsx,Rule: Press 'right' when you see the letter 'x' or 'X'.,,,,,,,,,0,0,0,0,,,,,,,,,,,,,,,,,,,,,,,,,,,,,,,,,,,,,,,,,,,,,,,,,117.21274777279905,129.82184400313054,148.8281726052519,117.21275865844109,137.21152578155852,148.81069865926293,None,,,P043,1,NA,2023_Oct_19_1338,N-Back for Neuroimaging,2021.1.4,120.14169291701242,
Conditions/Version_1/oneback(1)_v1.xlsx,Rule: Press 'right' when you see the same letter that appeared 1 letter ago (1-back).    ,b,1,Two,1.6,,,,,0,1,1,1,0,0,0,0,,,,,,,,,,,,,,,,,,,,,,,,,,,,,,137.22584164685577,146.214390882933,146.21469816909848,149.2166047118044,161.9563149795158,162.45847842341027,1,1,0.3056897081532952,161.9563149795158,None,162.55603898180016,None,149.25523008518212,151.32152645335918,,,,,,,,,,P043,1,NA,2023_Oct_19_1338,N-Back for Neuroimaging,2021.1.4,120.14169291701242,
Conditions/Version_1/oneback(1)_v1.xlsx,Rule: Press 'right' when you see the same letter that appeared 1 letter ago (1-back).    ,p,1,Two,1.1,,,,,0,1,1,1,0,1,1,1,,,,,,,,,,,,,,,,,,,,,,,,,,,,,,,,,,164.02316682652963,164.5305093485913,1,1,0.550727409801766,164.02316682652963,None,164.6221390973751,None,151.32402393099983,153.4202107211786,,,,,,,,,,P043,1,NA,2023_Oct_19_1338,N-Back for Neuroimaging,2021.1.4,120.14169291701242,
Conditions/Version_1/oneback(1)_v1.xlsx,Rule: Press 'right' when you see the same letter that appeared 1 letter ago (1-back).    ,G,1,Two,1.8,,,,,0,1,1,1,0,2,2,2,,,,,,,,,,,,,,,,,,,,,,,,,,,,,,,,,,166.11479191003855,166.62163027129463,1,1,0.39506581771092897,166.11479191003855,None,166.71330014145133,168.1138013164782,153.42168121610848,155.51656079600798,,,,,,,,,,P043,1,NA,2023_Oct_19_1338,N-Back for Neuroimaging,2021.1.4,120.14169291701242,
Conditions/Version_1/oneback(1)_v1.xlsx,Rule: Press 'right' when you see the same letter that appeared 1 letter ago (1-back).    ,G,2,Two,1.9,,,,,0,1,1,1,0,3,3,3,,,,,,,,,,,,,,,,,,,,,,,,,,,,,,,,,,168.2130482165594,168.7147908525767,2,1,0.30921479054086376,168.2130482165594,None,168.81312087045444,None,155.51683635829977,157.61140989610794,,,,,,,,,,P043,1,NA,2023_Oct_19_1338,N-Back for Neuroimaging,2021.1.4,120.14169291701242,
Conditions/Version_1/oneback(1)_v1.xlsx,Rule: Press 'right' when you see the same letter that appeared 1 letter ago (1-back).    ,T,1,Two,1.4,,,,,0,1,1,1,0,4,4,4,,,,,,,,,,,,,,,,,,,,,,,,,,,,,,,,,,170.30518430327538,170.80804909362996,1,1,0.3946098647556937,170.30518430327538,170.22074965383763,170.90425298981972,172.30384785727074,157.61288319020423,159.70665119039222,,,,,,,,,,P043,1,NA,2023_Oct_19_1338,N-Back for Neuroimaging,2021.1.4,120.14169291701242,
Conditions/Version_1/oneback(1)_v1.xlsx,Rule: Press 'right' when you see the same letter that appeared 1 letter ago (1-back).    ,g,1,Two,1,,,,,0,1,1,1,0,5,5,5,,,,,,,,,,,,,,,,,,,,,,,,,,,,,,,,,,172.4044377347418,172.91192674646118,2,0,0.3725008117580728,172.4044377347418,172.31369687650476,173.00446311384258,None,159.70809773690598,161.80169094476332,,,,,,,,,,P043,1,NA,2023_Oct_19_1338,N-Back for Neuroimaging,2021.1.4,120.14169291701242,
Conditions/Version_1/oneback(1)_v1.xlsx,Rule: Press 'right' when you see the same letter that appeared 1 letter ago (1-back).    ,P,1,Two,1.4,,,,,0,1,1,1,0,6,6,6,,,,,,,,,,,,,,,,,,,,,,,,,,,,,,,,,,174.4961831823657,175.00309121173996,1,1,0.49856433912827924,174.4961831823657,174.41140392455418,175.09465098138753,174.41140392455418,161.8031689041345,163.8970009741097,,,,,,,,,,P043,1,NA,2023_Oct_19_1338,N-Back for Neuroimaging,2021.1.4,120.14169291701242,
Conditions/Version_1/oneback(1)_v1.xlsx,Rule: Press 'right' when you see the same letter that appeared 1 letter ago (1-back).    ,V,1,Two,1.5,,,,,0,1,1,1,0,7,7,7,,,,,,,,,,,,,,,,,,,,,,,,,,,,,,,,,,176.59524036123003,177.09847153124247,1,1,0.4248072619047889,176.59524036123003,176.50526585229636,177.1946489908696,178.5942836686736,163.89984648132486,165.99709539929245,,,,,,,,,,P043,1,NA,2023_Oct_19_1338,N-Back for Neuroimaging,2021.1.4,120.14169291701242,
Conditions/Version_1/oneback(1)_v1.xlsx,Rule: Press 'right' when you see the same letter that appeared 1 letter ago (1-back).    ,b,1,Two,1.9,,,,,0,1,1,1,0,8,8,8,,,,,,,,,,,,,,,,,,,,,,,,,,,,,,,,,,178.695007906088,179.20197658404868,1,1,0.4138640799883433,178.695007906088,178.6043936323349,179.29379201080883,None,165.99881626402384,168.09191215347892,,,,,,,,,,P043,1,NA,2023_Oct_19_1338,N-Back for Neuroimaging,2021.1.4,120.14169291701242,
Conditions/Version_1/oneback(1)_v1.xlsx,Rule: Press 'right' when you see the same letter that appeared 1 letter ago (1-back).    ,B,2,Two,1.8,,,,,0,1,1,1,0,9,9,9,,,,,,,,,,,,,,,,,,,,,,,,,,,,,,,,,,180.78619165450618,181.29326327955278,2,1,0.43260791405009513,180.78619165450618,180.70155639820769,181.38503112050057,180.70155639820769,168.0933978883113,170.1819398465559,,,,,,,,,,P043,1,NA,2023_Oct_19_1338,N-Back for Neuroimaging,2021.1.4,120.14169291701242,
Conditions/Version_1/oneback(1)_v1.xlsx,Rule: Press 'right' when you see the same letter that appeared 1 letter ago (1-back).    ,,,,,,,,,0,1,1,1,,,,,,,,,,,,,,,,,,,,,,,,,,,,,,,,,,,,,,,,,,,,,,,,,170.18203470716435,182.7882406436347,201.78884650745022,170.1820459038263,190.16555073269774,201.77186832476764,None,,,P043,1,NA,2023_Oct_19_1338,N-Back for Neuroimaging,2021.1.4,120.14169291701242,
Conditions/Version_1/twoback(1)_v1.xlsx,Rule: Press 'right' when you see the same letter that appeared 2 letters ago (2-back).  ,B,1,Two,1.1,,,,,0,2,2,2,0,0,0,0,,,,,,,,,,,,,,,,,,,,,,,,,,,,,,190.17550643123832,199.1918196566112,199.19214000554894,202.18736338517556,214.9020326295613,215.40623542101275,1,1,0.3334605398540589,214.9020326295613,None,215.50237680250757,None,202.20221793431665,204.28793491256147,,,,,,,,,,P043,1,NA,2023_Oct_19_1338,N-Back for Neuroimaging,2021.1.4,120.14169291701242,
Conditions/Version_1/twoback(1)_v1.xlsx,Rule: Press 'right' when you see the same letter that appeared 2 letters ago (2-back).  ,g,1,Two,1.7,,,,,0,2,2,2,0,1,1,1,,,,,,,,,,,,,,,,,,,,,,,,,,,,,,,,,,216.98658546598745,217.4929905786321,1,1,0.24805178082897328,216.98658546598745,None,217.58496866800851,218.98566671767367,204.28947103237078,206.3884423701602,,,,,,,,,,P043,1,NA,2023_Oct_19_1338,N-Back for Neuroimaging,2021.1.4,120.14169291701242,
Conditions/Version_1/twoback(1)_v1.xlsx,Rule: Press 'right' when you see the same letter that appeared 2 letters ago (2-back).  ,v,1,Two,1.4,,,,,0,2,2,2,0,2,2,2,,,,,,,,,,,,,,,,,,,,,,,,,,,,,,,,,,219.0854081369871,219.58844056625276,1,1,0.47607895388318866,219.0854081369871,221.0846598267508,219.68795960741954,None,206.3912256736985,208.48743236905284,,,,,,,,,,P043,1,NA,2023_Oct_19_1338,N-Back for Neuroimaging,2021.1.4,120.14169291701242,
Conditions/Version_1/twoback(1)_v1.xlsx,Rule: Press 'right' when you see the same letter that appeared 2 letters ago (2-back).  ,g,2,Two,1.7,,,,,0,2,2,2,0,3,3,3,,,,,,,,,,,,,,,,,,,,,,,,,,,,,,,,,,221.18504412106813,221.68849673617297,2,1,0.31442776971380226,221.18504412106813,None,221.78709298578906,None,208.48893583193058,210.5830596371543,,,,,,,,,,P043,1,NA,2023_Oct_19_1338,N-Back for Neuroimaging,2021.1.4,120.14169291701242,
Conditions/Version_1/twoback(1)_v1.xlsx,Rule: Press 'right' when you see the same letter that appeared 2 letters ago (2-back).  ,B,1,Two,1.2,,,,,0,2,2,2,0,4,4,4,,,,,,,,,,,,,,,,,,,,,,,,,,,,,,,,,,223.28419771563313,223.7915001163219,1,1,0.402212398188567,223.28419771563313,None,223.8838274793452,None,210.58455376948223,212.67974405674977,,,,,,,,,,P043,1,NA,2023_Oct_19_1338,N-Back for Neuroimaging,2021.1.4,120.14169291701242,
Conditions/Version_1/twoback(1)_v1.xlsx,Rule: Press 'right' when you see the same letter that appeared 2 letters ago (2-back).  ,T,1,Two,1.4,,,,,0,2,2,2,0,5,5,5,,,,,,,,,,,,,,,,,,,,,,,,,,,,,,,,,,225.37590584105055,225.88350992957385,1,1,0.6084210094177251,225.37590584105055,225.2869642241767,225.97496737417168,227.37452087617567,212.6812895071107,214.77733385086867,,,,,,,,,,P043,1,NA,2023_Oct_19_1338,N-Back for Neuroimaging,2021.1.4,120.14169291701242,
Conditions/Version_1/twoback(1)_v1.xlsx,Rule: Press 'right' when you see the same letter that appeared 2 letters ago (2-back).  ,t,1,Two,1.8,,,,,0,2,2,2,0,6,6,6,,,,,,,,,,,,,,,,,,,,,,,,,,,,,,,,,,227.47518446500544,227.97458855377772,1,1,0.7852806816536031,227.47518446500544,227.38459911596146,228.07412407891934,229.4737058835981,214.77904320791822,216.8765079726454,,,,,,,,,,P043,1,NA,2023_Oct_19_1338,N-Back for Neuroimaging,2021.1.4,120.14169291701242,
Conditions/Version_1/twoback(1)_v1.xlsx,Rule: Press 'right' when you see the same letter that appeared 2 letters ago (2-back).  ,D,1,Two,1.9,,,,,0,2,2,2,0,7,7,7,,,,,,,,,,,,,,,,,,,,,,,,,,,,,,,,,,229.57470537228255,230.08166316459938,1,1,0.7066384386380378,229.57470537228255,229.48564308027744,230.17341421055426,231.57296087015493,216.8795985623492,218.975745542175,,,,,,,,,,P043,1,NA,2023_Oct_19_1338,N-Back for Neuroimaging,2021.1.4,120.14169291701242,
Conditions/Version_1/twoback(1)_v1.xlsx,Rule: Press 'right' when you see the same letter that appeared 2 letters ago (2-back).  ,v,1,Two,1.2,,,,,0,2,2,2,0,8,8,8,,,,,,,,,,,,,,,,,,,,,,,,,,,,,,,,,,231.6740807229562,232.17691907674816,1,1,0.9331285588286846,231.6740807229562,231.58252779571376,232.2743091970624,None,218.977175915732,221.07713380384303,,,,,,,,,,P043,1,NA,2023_Oct_19_1338,N-Back for Neuroimaging,2021.1.4,120.14169291701242,
Conditions/Version_1/twoback(1)_v1.xlsx,Rule: Press 'right' when you see the same letter that appeared 2 letters ago (2-back).  ,D,2,Two,1.3,,,,,0,2,2,2,0,9,9,9,,,,,,,,,,,,,,,,,,,,,,,,,,,,,,,,,,233.77409925965185,234.27439877035795,2,1,0.7632627570419572,233.77409925965185,233.68408898360394,234.37690545414262,233.68408898360394,221.07856946471293,223.17500786876553,,,,,,,,,,P043,1,NA,2023_Oct_19_1338,N-Back for Neuroimaging,2021.1.4,120.14169291701242,
Conditions/Version_1/twoback(1)_v1.xlsx,Rule: Press 'right' when you see the same letter that appeared 2 letters ago (2-back).  ,,,,,,,,,0,2,2,2,,,,,,,,,,,,,,,,,,,,,,,,,,,,,,,,,,,,,,,,,,,,,,,,,223.175097131043,235.78088350371036,254.78517928965994,223.17510770566878,243.1620663937174,254.7681012700741,None,,,P043,1,NA,2023_Oct_19_1338,N-Back for Neuroimaging,2021.1.4,120.14169291701242,
Conditions/Version_1/threeback(1)_v1.xlsx,Rule: Press 'right' when you see the same letter that appeared 3 letters ago (3-back).   ,B,1,Two,1.7,,,,,0,3,3,3,0,0,0,0,,,,,,,,,,,,,,,,,,,,,,,,,,,,,,243.17183081595067,252.17796751972855,252.17827667200436,255.1754140587782,267.89902508176783,268.4004327509829,1,1,0.735967783470187,267.89902508176783,None,268.49791524375723,None,255.20457047739,257.284076107444,,,,,,,,,,P043,1,NA,2023_Oct_19_1338,N-Back for Neuroimaging,2021.1.4,120.14169291701242,
Conditions/Version_1/threeback(1)_v1.xlsx,Rule: Press 'right' when you see the same letter that appeared 3 letters ago (3-back).   ,g,1,Two,1.4,,,,,0,3,3,3,0,1,1,1,,,,,,,,,,,,,,,,,,,,,,,,,,,,,,,,,,269.9818595416091,270.4851967688919,1,1,0.33514159423066303,269.9818595416091,None,270.58542959725673,None,257.28575591774825,259.38315878981666,,,,,,,,,,P043,1,NA,2023_Oct_19_1338,N-Back for Neuroimaging,2021.1.4,120.14169291701242,
Conditions/Version_1/threeback(1)_v1.xlsx,Rule: Press 'right' when you see the same letter that appeared 3 letters ago (3-back).   ,t,1,Two,1.1,,,,,0,3,3,3,0,2,2,2,,,,,,,,,,,,,,,,,,,,,,,,,,,,,,,,,,272.0813213553938,272.5883139817688,1,1,0.310497741384097,272.0813213553938,None,272.6810786366441,None,259.38459445068656,261.4828037934294,,,,,,,,,,P043,1,NA,2023_Oct_19_1338,N-Back for Neuroimaging,2021.1.4,120.14169291701242,
Conditions/Version_1/threeback(1)_v1.xlsx,Rule: Press 'right' when you see the same letter that appeared 3 letters ago (3-back).   ,b,2,Two,1.8,,,,,0,3,3,3,0,3,3,3,,,,,,,,,,,,,,,,,,,,,,,,,,,,,,,,,,274.1813467344946,274.6878180940548,2,1,0.40764060208130104,274.1813467344946,None,274.77990441783004,276.1794709826063,261.4842699341025,263.58239592391874,,,,,,,,,,P043,1,NA,2023_Oct_19_1338,N-Back for Neuroimaging,2021.1.4,120.14169291701242,
Conditions/Version_1/threeback(1)_v1.xlsx,Rule: Press 'right' when you see the same letter that appeared 3 letters ago (3-back).   ,B,1,Two,1.2,,,,,0,3,3,3,0,4,4,4,,,,,,,,,,,,,,,,,,,,,,,,,,,,,,,,,,276.2804287948293,276.7850962477496,1,1,0.42139041391419596,276.2804287948293,None,276.87923373778176,None,263.5838769934726,265.67743816643633,,,,,,,,,,P043,1,NA,2023_Oct_19_1338,N-Back for Neuroimaging,2021.1.4,120.14169291701242,
Conditions/Version_1/threeback(1)_v1.xlsx,Rule: Press 'right' when you see the same letter that appeared 3 letters ago (3-back).   ,v,1,Two,1.6,,,,,0,3,3,3,0,5,5,5,,,,,,,,,,,,,,,,,,,,,,,,,,,,,,,,,,278.37146045525697,278.8750999924123,1,1,0.4773992269329028,278.37146045525697,280.3705756079471,278.97261887433706,None,265.67888564600435,267.7733493943233,,,,,,,,,,P043,1,NA,2023_Oct_19_1338,N-Back for Neuroimaging,2021.1.4,120.14169291701242,
Conditions/Version_1/threeback(1)_v1.xlsx,Rule: Press 'right' when you see the same letter that appeared 3 letters ago (3-back).   ,V,1,Two,1.9,,,,,0,3,3,3,0,6,6,6,,,,,,,,,,,,,,,,,,,,,,,,,,,,,,,,,,280.4709785633695,280.9779957601968,1,1,0.47879818763249204,280.4709785633695,None,281.0696793151619,280.3802859129828,267.7748696521958,269.87198887549494,,,,,,,,,,P043,1,NA,2023_Oct_19_1338,N-Back for Neuroimaging,2021.1.4,120.14169291701242,
Conditions/Version_1/threeback(1)_v1.xlsx,Rule: Press 'right' when you see the same letter that appeared 3 letters ago (3-back).   ,b,1,Two,1.2,,,,,0,3,3,3,0,7,7,7,,,,,,,,,,,,,,,,,,,,,,,,,,,,,,,,,,282.57008270601,283.0733894534915,2,0,0.5187979512593301,282.57008270601,282.4786660048194,283.1650014742281,284.5687761177687,269.87341022952023,271.9715629669172,,,,,,,,,,P043,1,NA,2023_Oct_19_1338,N-Back for Neuroimaging,2021.1.4,120.14169291701242,
Conditions/Version_1/threeback(1)_v1.xlsx,Rule: Press 'right' when you see the same letter that appeared 3 letters ago (3-back).   ,B,1,Two,1.2,,,,,0,3,3,3,0,8,8,8,,,,,,,,,,,,,,,,,,,,,,,,,,,,,,,,,,284.66999083117844,285.16934266886165,1,1,0.21685850280846353,284.66999083117844,284.5783116304701,285.26874570017026,None,271.97299769473284,274.0645235633765,,,,,,,,,,P043,1,NA,2023_Oct_19_1338,N-Back for Neuroimaging,2021.1.4,120.14169291701242,
Conditions/Version_1/threeback(1)_v1.xlsx,Rule: Press 'right' when you see the same letter that appeared 3 letters ago (3-back).   ,V,2,Two,1.7,,,,,0,3,3,3,0,9,9,9,,,,,,,,,,,,,,,,,,,,,,,,,,,,,,,,,,286.7608539196408,287.26817933568964,2,1,0.47986560273420764,286.7608539196408,286.6715253958955,287.3602155855042,286.6715253958955,274.06599281423223,276.1586818916403,,,,,,,,,,P043,1,NA,2023_Oct_19_1338,N-Back for Neuroimaging,2021.1.4,120.14169291701242,
Conditions/Version_1/threeback(1)_v1.xlsx,Rule: Press 'right' when you see the same letter that appeared 3 letters ago (3-back).   ,,,,,,,,,0,3,3,3,,,,,,,,,,,,,,,,,,,,,,,,,,,,,,,,,,,,,,,,,,,,,,,,,276.15877426410043,288.76474040539324,307.77218680759506,276.1587848387262,296.14885744285675,307.755269584517,None,,,P043,1,NA,2023_Oct_19_1338,N-Back for Neuroimaging,2021.1.4,120.14169291701242,
Conditions/Version_1/oneback(2)_v1.xlsx,Rule: Press 'right' when you see the same letter that appeared 1 letter ago (1-back).    ,b,1,Three,1.1,,,,,0,4,4,4,0,0,0,0,,,,,,,,,,,,,,,,,,,,,,,,,,,,,,296.15892821820125,305.1631067502203,305.1634071939807,308.16237243581054,320.90233525045005,321.4039914233581,1,1,0.5271543932594795,320.90233525045005,None,321.5024051051805,None,308.20348440118505,310.2656983420238,,,,,,,,,,P043,1,NA,2023_Oct_19_1338,N-Back for Neuroimaging,2021.1.4,120.14169291701242,
Conditions/Version_1/oneback(2)_v1.xlsx,Rule: Press 'right' when you see the same letter that appeared 1 letter ago (1-back).    ,B,2,Three,1.1,,,,,0,4,4,4,0,1,1,1,,,,,,,,,,,,,,,,,,,,,,,,,,,,,,,,,,322.9606819886758,323.4680503252639,2,1,0.3956337372837879,322.9606819886758,None,323.55962813397673,None,310.2671688369537,312.3584381154287,,,,,,,,,,P043,1,NA,2023_Oct_19_1338,N-Back for Neuroimaging,2021.1.4,120.14169291701242,
Conditions/Version_1/oneback(2)_v1.xlsx,Rule: Press 'right' when you see the same letter that appeared 1 letter ago (1-back).    ,P,1,Three,1.9,,,,,0,4,4,4,0,2,2,2,,,,,,,,,,,,,,,,,,,,,,,,,,,,,,,,,,325.051912078834,325.5532251984605,1,1,0.39763576263612777,325.051912078834,327.05055106237705,325.65955398719416,324.9675296804853,312.3598939924941,314.453323293661,,,,,,,,,,P043,1,NA,2023_Oct_19_1338,N-Back for Neuroimaging,2021.1.4,120.14169291701242,
Conditions/Version_1/oneback(2)_v1.xlsx,Rule: Press 'right' when you see the same letter that appeared 1 letter ago (1-back).    ,v,1,Three,1.6,,,,,0,4,4,4,0,3,3,3,,,,,,,,,,,,,,,,,,,,,,,,,,,,,,,,,,327.1513692273438,327.65928620036357,1,1,0.4020419601110916,327.1513692273438,None,327.7529151753333,327.060112700623,314.45475864351283,316.5534457104968,,,,,,,,,,P043,1,NA,2023_Oct_19_1338,N-Back for Neuroimaging,2021.1.4,120.14169291701242,
Conditions/Version_1/oneback(2)_v1.xlsx,Rule: Press 'right' when you see the same letter that appeared 1 letter ago (1-back).    ,T,1,Three,1.8,,,,,0,4,4,4,0,4,4,4,,,,,,,,,,,,,,,,,,,,,,,,,,,,,,,,,,329.25108607620496,329.7581931573477,1,1,0.3794044868755009,329.25108607620496,329.160713774756,329.84986644870514,329.160713774756,316.55503283732287,318.6446344352098,,,,,,,,,,P043,1,NA,2023_Oct_19_1338,N-Back for Neuroimaging,2021.1.4,120.14169291701242,
Conditions/Version_1/oneback(2)_v1.xlsx,Rule: Press 'right' when you see the same letter that appeared 1 letter ago (1-back).    ,G,1,Three,1.4,,,,,0,4,4,4,0,5,5,5,,,,,,,,,,,,,,,,,,,,,,,,,,,,,,,,,,331.34208507970106,331.8494188932473,1,1,0.44640966595397913,331.34208507970106,331.25158681580615,331.9410094537143,331.25158681580615,318.64611861494814,320.74343813408996,,,,,,,,,,P043,1,NA,2023_Oct_19_1338,N-Back for Neuroimaging,2021.1.4,120.14169291701242,
Conditions/Version_1/oneback(2)_v1.xlsx,Rule: Press 'right' when you see the same letter that appeared 1 letter ago (1-back).    ,V,1,Three,1.7,,,,,0,4,4,4,0,6,6,6,,,,,,,,,,,,,,,,,,,,,,,,,,,,,,,,,,333.4420778018721,333.9493795805229,1,1,0.3762632011748792,333.4420778018721,333.3504611158587,334.0409306416568,333.3504611158587,320.74487161783145,322.8358799518792,,,,,,,,,,P043,1,NA,2023_Oct_19_1338,N-Back for Neuroimaging,2021.1.4,120.14169291701242,
Conditions/Version_1/oneback(2)_v1.xlsx,Rule: Press 'right' when you see the same letter that appeared 1 letter ago (1-back).    ,v,2,Three,1.4,,,,,0,4,4,4,0,7,7,7,,,,,,,,,,,,,,,,,,,,,,,,,,,,,,,,,,335.53313683191664,336.0405375144164,2,1,0.3423012374805694,335.53313683191664,335.4429785111188,336.13203445834915,335.4429785111188,322.8373846588329,324.9303244170587,,,,,,,,,,P043,1,NA,2023_Oct_19_1338,N-Back for Neuroimaging,2021.1.4,120.14169291701242,
Conditions/Version_1/oneback(2)_v1.xlsx,Rule: Press 'right' when you see the same letter that appeared 1 letter ago (1-back).    ,P,1,Three,1.4,,,,,0,4,4,4,0,8,8,8,,,,,,,,,,,,,,,,,,,,,,,,,,,,,,,,,,337.63251373768253,338.1396273502105,1,1,0.48381273707309447,337.63251373768253,337.5396131677717,338.23127109482266,337.5396131677717,324.9320508801211,327.026059919559,,,,,,,,,,P043,1,NA,2023_Oct_19_1338,N-Back for Neuroimaging,2021.1.4,120.14169291701242,
Conditions/Version_1/oneback(2)_v1.xlsx,Rule: Press 'right' when you see the same letter that appeared 1 letter ago (1-back).    ,P,2,Three,1.2,,,,,0,4,4,4,0,9,9,9,,,,,,,,,,,,,,,,,,,,,,,,,,,,,,,,,,339.72254547399825,340.2260347892734,2,1,0.36367286588392744,339.72254547399825,339.6317878207683,340.32237646660724,339.6317878207683,327.02637435914767,329.1172237628016,,,,,,,,,,P043,1,NA,2023_Oct_19_1338,N-Back for Neuroimaging,2021.1.4,120.14169291701242,
Conditions/Version_1/oneback(2)_v1.xlsx,Rule: Press 'right' when you see the same letter that appeared 1 letter ago (1-back).    ,,,,,,,,,0,4,4,4,,,,,,,,,,,,,,,,,,,,,,,,,,,,,,,,,,,,,,,,,,,,,,,,,329.11732017850045,341.72343934083983,360.7266036419005,329.1173310641443,349.1033818895248,360.70957414118493,None,,,P043,1,NA,2023_Oct_19_1338,N-Back for Neuroimaging,2021.1.4,120.14169291701242,
Conditions/Version_1/zeroback(2)_v1.xlsx,Rule: Press 'right' when you see the letter 'x' or 'X'.,p,1,Two,1.5,,,,,0,5,5,5,0,0,0,0,,,,,,,,,,,,,,,,,,,,,,,,,,,,,,349.10954907310406,358.12551302482825,358.1258352398763,361.1249158695282,373.84888176449385,374.3526310911402,1,1,0.3851499295233225,373.84888176449385,None,374.4411615417066,None,361.1467331872791,363.22600648660045,,,,,,,,,,P043,1,NA,2023_Oct_19_1338,N-Back for Neuroimaging,2021.1.4,120.14169291701242,
Conditions/Version_1/zeroback(2)_v1.xlsx,Rule: Press 'right' when you see the letter 'x' or 'X'.,G,1,Two,1,,,,,0,5,5,5,0,1,1,1,,,,,,,,,,,,,,,,,,,,,,,,,,,,,,,,,,375.9241696742156,376.43101301176466,1,1,0.28977551936986856,375.9241696742156,None,376.5221298912311,None,363.2274894222646,365.3178489719612,,,,,,,,,,P043,1,NA,2023_Oct_19_1338,N-Back for Neuroimaging,2021.1.4,120.14169291701242,
Conditions/Version_1/zeroback(2)_v1.xlsx,Rule: Press 'right' when you see the letter 'x' or 'X'.,G,1,Two,1.7,,,,,0,5,5,5,0,2,2,2,,,,,,,,,,,,,,,,,,,,,,,,,,,,,,,,,,378.0135333430371,378.52171312659266,1,1,0.3512968222639756,378.0135333430371,377.9237513544849,378.6133431863964,377.9237513544849,365.31815252590604,367.4073976967229,,,,,,,,,,P043,1,NA,2023_Oct_19_1338,N-Back for Neuroimaging,2021.1.4,120.14169291701242,
Conditions/Version_1/zeroback(2)_v1.xlsx,Rule: Press 'right' when you see the letter 'x' or 'X'.,v,1,Two,1.2,,,,,0,5,5,5,0,3,3,3,,,,,,,,,,,,,,,,,,,,,,,,,,,,,,,,,,380.1060112389605,380.60922468092576,1,1,0.38482615938301024,380.1060112389605,380.0142430869946,380.7064627132495,380.0142430869946,367.40885264073404,369.501087009261,,,,,,,,,,P043,1,NA,2023_Oct_19_1338,N-Back for Neuroimaging,2021.1.4,120.14169291701242,
Conditions/Version_1/zeroback(2)_v1.xlsx,Rule: Press 'right' when you see the letter 'x' or 'X'.,T,1,Two,1,,,,,0,5,5,5,0,4,4,4,,,,,,,,,,,,,,,,,,,,,,,,,,,,,,,,,,382.1972976234465,382.70486376772715,1,1,0.4379863550020673,382.1972976234465,382.1084894334617,382.7963622667521,382.1084894334617,369.50260509000327,371.59336212119524,,,,,,,,,,P043,1,NA,2023_Oct_19_1338,N-Back for Neuroimaging,2021.1.4,120.14169291701242,
Conditions/Version_1/zeroback(2)_v1.xlsx,Rule: Press 'right' when you see the letter 'x' or 'X'.,b,1,Two,1.6,,,,,0,5,5,5,0,5,5,5,,,,,,,,,,,,,,,,,,,,,,,,,,,,,,,,,,384.288339236462,384.7959619860885,1,1,0.3034889420523541,384.288339236462,384.20032072216054,384.8873422981269,384.20032072216054,371.59482701779416,373.6843552153441,,,,,,,,,,P043,1,NA,2023_Oct_19_1338,N-Back for Neuroimaging,2021.1.4,120.14169291701242,
Conditions/Version_1/zeroback(2)_v1.xlsx,Rule: Press 'right' when you see the letter 'x' or 'X'.,x,2,Two,1.2,,,,,0,5,5,5,0,6,6,6,,,,,,,,,,,,,,,,,,,,,,,,,,,,,,,,,,386.37942501408907,386.8869868041129,2,1,0.3164105119249143,386.37942501408907,386.29137913016893,386.9789135754545,386.29137913016893,373.68586831979155,375.77338982671426,,,,,,,,,,P043,1,NA,2023_Oct_19_1338,N-Back for Neuroimaging,2021.1.4,120.14169291701242,
Conditions/Version_1/zeroback(2)_v1.xlsx,Rule: Press 'right' when you see the letter 'x' or 'X'.,X,2,Two,1.7,,,,,0,5,5,5,0,7,7,7,,,,,,,,,,,,,,,,,,,,,,,,,,,,,,,,,,388.470659147486,388.97333079542295,2,1,0.4813983013427787,388.470659147486,388.38050113770623,389.0694684446971,388.38050113770623,375.77488986838944,377.8685169772507,,,,,,,,,,P043,1,NA,2023_Oct_19_1338,N-Back for Neuroimaging,2021.1.4,120.14169291701242,
Conditions/Version_1/zeroback(2)_v1.xlsx,Rule: Press 'right' when you see the letter 'x' or 'X'.,d,1,Two,1.2,,,,,0,5,5,5,0,8,8,8,,,,,,,,,,,,,,,,,,,,,,,,,,,,,,,,,,390.568985122125,391.07248874424477,1,1,0.3428433425269759,390.568985122125,390.4793067026949,391.1687452025417,390.4793067026949,377.87371627161156,379.96759934860347,,,,,,,,,,P043,1,NA,2023_Oct_19_1338,N-Back for Neuroimaging,2021.1.4,120.14169291701242,
Conditions/Version_1/zeroback(2)_v1.xlsx,Rule: Press 'right' when you see the letter 'x' or 'X'.,V,1,Two,1,,,,,0,5,5,5,0,9,9,9,,,,,,,,,,,,,,,,,,,,,,,,,,,,,,,,,,392.6684348061917,393.17347361506654,1,1,0.6484322807227727,392.6684348061917,392.57658299028117,393.2688844143704,392.57658299028117,379.9691233386966,382.0669411092913,,,,,,,,,,P043,1,NA,2023_Oct_19_1338,N-Back for Neuroimaging,2021.1.4,120.14169291701242,
Conditions/Version_1/zeroback(2)_v1.xlsx,Rule: Press 'right' when you see the letter 'x' or 'X'.,,,,,,,,,0,5,5,5,,,,,,,,,,,,,,,,,,,,,,,,,,,,,,,,,,,,,,,,,,,,,,,,,382.06703254869717,394.6730422325654,413.67220714819814,382.06704281230304,402.05723733564264,413.66380965177086,None,,,P043,1,NA,2023_Oct_19_1338,N-Back for Neuroimaging,2021.1.4,120.14169291701242,
Conditions/Version_1/threeback(2)_v1.xlsx,Rule: Press 'right' when you see the same letter that appeared 3 letters ago (3-back).   ,V,1,Three,1.7,,,,,0,6,6,6,0,0,0,0,,,,,,,,,,,,,,,,,,,,,,,,,,,,,,402.0676427667713,411.07134512963967,411.071651171731,414.07075450572484,426.79372296472684,427.29702877915406,1,1,0.3679649196128594,426.79372296472684,None,427.393451943306,None,414.0993744176194,416.1759714037271,,,,,,,,,,P043,1,NA,2023_Oct_19_1338,N-Back for Neuroimaging,2021.1.4,120.14169291701242,
Conditions/Version_1/threeback(2)_v1.xlsx,Rule: Press 'right' when you see the same letter that appeared 3 letters ago (3-back).   ,P,1,Three,1.4,,,,,0,6,6,6,0,1,1,1,,,,,,,,,,,,,,,,,,,,,,,,,,,,,,,,,,428.87764847706785,429.3813688790033,1,1,0.2670509609833971,428.87764847706785,None,429.47646057344355,None,416.17753333806104,418.2713343062005,,,,,,,,,,P043,1,NA,2023_Oct_19_1338,N-Back for Neuroimaging,2021.1.4,120.14169291701242,
Conditions/Version_1/threeback(2)_v1.xlsx,Rule: Press 'right' when you see the same letter that appeared 3 letters ago (3-back).   ,G,1,Three,1.8,,,,,0,6,6,6,0,2,2,2,,,,,,,,,,,,,,,,,,,,,,,,,,,,,,,,,,430.96861544567037,431.4680161132401,1,1,0.1739550715265068,430.96861544567037,None,431.5675594138429,432.9671564584223,418.27285954036597,420.3699529491387,,,,,,,,,,P043,1,NA,2023_Oct_19_1338,N-Back for Neuroimaging,2021.1.4,120.14169291701242,
Conditions/Version_1/threeback(2)_v1.xlsx,Rule: Press 'right' when you see the same letter that appeared 3 letters ago (3-back).   ,B,1,Three,1.9,,,,,0,6,6,6,0,3,3,3,,,,,,,,,,,,,,,,,,,,,,,,,,,,,,,,,,433.06840258468765,433.5753152793386,1,1,0.3530966856633313,433.06840258468765,None,433.66760500913733,435.0672651904497,420.37144801452087,422.4700439531189,,,,,,,,,,P043,1,NA,2023_Oct_19_1338,N-Back for Neuroimaging,2021.1.4,120.14169291701242,
Conditions/Version_1/threeback(2)_v1.xlsx,Rule: Press 'right' when you see the same letter that appeared 3 letters ago (3-back).   ,p,2,Three,1.2,,,,,0,6,6,6,0,4,4,4,,,,,,,,,,,,,,,,,,,,,,,,,,,,,,,,,,435.1678815044834,435.67483867476403,2,1,0.37084277273970656,435.1678815044834,None,435.7668260946921,None,422.47151475906685,424.5649580560621,,,,,,,,,,P043,1,NA,2023_Oct_19_1338,N-Back for Neuroimaging,2021.1.4,120.14169291701242,
Conditions/Version_1/threeback(2)_v1.xlsx,Rule: Press 'right' when you see the same letter that appeared 3 letters ago (3-back).   ,D,1,Three,1.4,,,,,0,6,6,6,0,5,5,5,,,,,,,,,,,,,,,,,,,,,,,,,,,,,,,,,,437.25909511066675,437.762492986536,1,1,0.40826574903803703,437.25909511066675,437.174412579574,437.86222476427974,437.174412579574,424.566445034965,426.66013807972377,,,,,,,,,,P043,1,NA,2023_Oct_19_1338,N-Back for Neuroimaging,2021.1.4,120.14169291701242,
Conditions/Version_1/threeback(2)_v1.xlsx,Rule: Press 'right' when you see the same letter that appeared 3 letters ago (3-back).   ,b,2,Three,1.6,,,,,0,6,6,6,0,6,6,6,,,,,,,,,,,,,,,,,,,,,,,,,,,,,,,,,,439.35867075718124,439.86575668907244,2,1,0.3618207513954985,439.35867075718124,439.26673807648876,439.95717276822506,441.3568360597201,426.6615631659697,428.75962819618144,,,,,,,,,,P043,1,NA,2023_Oct_19_1338,N-Back for Neuroimaging,2021.1.4,120.14169291701242,
Conditions/Version_1/threeback(2)_v1.xlsx,Rule: Press 'right' when you see the same letter that appeared 3 letters ago (3-back).   ,a,1,Three,1.2,,,,,0,6,6,6,0,7,7,7,,,,,,,,,,,,,,,,,,,,,,,,,,,,,,,,,,441.458114842917,441.96545705395874,1,1,0.42731500315312587,441.458114842917,441.367685314086,442.0572143202826,443.45664776918966,428.7621791689853,430.8594691413782,,,,,,,,,,P043,1,NA,2023_Oct_19_1338,N-Back for Neuroimaging,2021.1.4,120.14169291701242,
Conditions/Version_1/threeback(2)_v1.xlsx,Rule: Press 'right' when you see the same letter that appeared 3 letters ago (3-back).   ,D,2,Three,1.7,,,,,0,6,6,6,0,8,8,8,,,,,,,,,,,,,,,,,,,,,,,,,,,,,,,,,,443.55732566486404,444.06467129710836,2,1,0.8400718576867803,443.55732566486404,443.46664980947025,444.15617446141005,None,430.86118129759416,432.95086282720695,,,,,,,,,,P043,1,NA,2023_Oct_19_1338,N-Back for Neuroimaging,2021.1.4,120.14169291701242,
Conditions/Version_1/threeback(2)_v1.xlsx,Rule: Press 'right' when you see the same letter that appeared 3 letters ago (3-back).   ,t,1,Three,1.2,,,,,0,6,6,6,0,9,9,9,,,,,,,,,,,,,,,,,,,,,,,,,,,,,,,,,,445.64881079009865,446.14873956688825,1,1,0.7285863841116225,445.64881079009865,445.557636061214,446.24736536325145,445.557636061214,432.9523025313174,435.04555175283895,,,,,,,,,,P043,1,NA,2023_Oct_19_1338,N-Back for Neuroimaging,2021.1.4,120.14169291701242,
Conditions/Version_1/threeback(2)_v1.xlsx,Rule: Press 'right' when you see the same letter that appeared 3 letters ago (3-back).   ,,,,,,,,,0,6,6,6,,,,,,,,,,,,,,,,,,,,,,,,,,,,,,,,,,,,,,,,,,,,,,,,,435.04564443631716,447.65170979247705,466.65119381297336,435.045655321961,455.03671043317445,466.6428843347512,None,,,P043,1,NA,2023_Oct_19_1338,N-Back for Neuroimaging,2021.1.4,120.14169291701242,
Conditions/Version_1/twoback(2)_v1.xlsx,Rule: Press 'right' when you see the same letter that appeared 2 letters ago (2-back).  ,V,1,Three,1.4,,,,,0,7,7,7,0,0,0,0,,,,,,,,,,,,,,,,,,,,,,,,,,,,,,455.04672460317306,464.05498618456477,464.05529844702323,467.0499296476428,479.78268927645877,480.2897497048434,1,1,0.49731404521662625,479.78268927645877,None,480.3811452567825,None,467.07997246865307,469.1531196388205,,,,,,,,,,P043,1,NA,2023_Oct_19_1338,N-Back for Neuroimaging,2021.1.4,120.14169291701242,
Conditions/Version_1/twoback(2)_v1.xlsx,Rule: Press 'right' when you see the same letter that appeared 2 letters ago (2-back).  ,V,1,Three,1.2,,,,,0,7,7,7,0,1,1,1,,,,,,,,,,,,,,,,,,,,,,,,,,,,,,,,,,481.8474392612188,482.34727193332765,1,1,0.3135982836774929,481.8474392612188,None,482.44721613663023,None,469.1534101299949,471.24117236514576,,,,,,,,,,P043,1,NA,2023_Oct_19_1338,N-Back for Neuroimaging,2021.1.4,120.14169291701242,
Conditions/Version_1/twoback(2)_v1.xlsx,Rule: Press 'right' when you see the same letter that appeared 2 letters ago (2-back).  ,v,2,Three,1.7,,,,,0,7,7,7,0,2,2,2,,,,,,,,,,,,,,,,,,,,,,,,,,,,,,,,,,483.9397569826742,484.44123400898934,2,1,0.6531852636999247,483.9397569826742,483.8479434220244,484.53921382016415,483.8479434220244,471.24261797860527,473.3371140728359,,,,,,,,,,P043,1,NA,2023_Oct_19_1338,N-Back for Neuroimaging,2021.1.4,120.14169291701242,
Conditions/Version_1/twoback(2)_v1.xlsx,Rule: Press 'right' when you see the same letter that appeared 2 letters ago (2-back).  ,P,1,Three,1.1,,,,,0,7,7,7,0,3,3,3,,,,,,,,,,,,,,,,,,,,,,,,,,,,,,,,,,486.0305037502603,486.5341128076125,1,1,0.3112948815087293,486.0305037502603,488.0327104257103,486.63822465728845,485.94622896427245,473.3386386849652,475.4354845231046,,,,,,,,,,P043,1,NA,2023_Oct_19_1338,N-Back for Neuroimaging,2021.1.4,120.14169291701242,
Conditions/Version_1/twoback(2)_v1.xlsx,Rule: Press 'right' when you see the same letter that appeared 2 letters ago (2-back).  ,T,1,Three,1,,,,,0,7,7,7,0,4,4,4,,,,,,,,,,,,,,,,,,,,,,,,,,,,,,,,,,488.1301033451891,488.6373444752571,1,1,0.44271445650883834,488.1301033451891,None,488.7293406036988,490.12888042089435,475.4369332467468,477.5316846870719,,,,,,,,,,P043,1,NA,2023_Oct_19_1338,N-Back for Neuroimaging,2021.1.4,120.14169291701242,
Conditions/Version_1/twoback(2)_v1.xlsx,Rule: Press 'right' when you see the same letter that appeared 2 letters ago (2-back).  ,d,1,Three,1.7,,,,,0,7,7,7,0,5,5,5,,,,,,,,,,,,,,,,,,,,,,,,,,,,,,,,,,490.22970511724816,490.736898039464,1,1,0.5172409932183655,490.22970511724816,490.1386622601585,490.82860118858844,None,477.5331579811682,479.62541505403715,,,,,,,,,,P043,1,NA,2023_Oct_19_1338,N-Back for Neuroimaging,2021.1.4,120.14169291701242,
Conditions/Version_1/twoback(2)_v1.xlsx,Rule: Press 'right' when you see the same letter that appeared 2 letters ago (2-back).  ,B,1,Three,1.4,,,,,0,7,7,7,0,6,6,6,,,,,,,,,,,,,,,,,,,,,,,,,,,,,,,,,,492.32082479587916,492.8280429105853,1,1,0.4860477151978557,492.32082479587916,492.232634288408,492.91973735119427,492.232634288408,479.6269306466329,481.7142736290007,,,,,,,,,,P043,1,NA,2023_Oct_19_1338,N-Back for Neuroimaging,2021.1.4,120.14169291701242,
Conditions/Version_1/twoback(2)_v1.xlsx,Rule: Press 'right' when you see the same letter that appeared 2 letters ago (2-back).  ,v,1,Three,1.2,,,,,0,7,7,7,0,7,7,7,,,,,,,,,,,,,,,,,,,,,,,,,,,,,,,,,,494.4120244062342,494.91920457669767,2,0,0.3068137286009005,494.4120244062342,494.3210549494852,495.0116588352248,494.3210549494852,481.7157204865325,483.80873177898866,,,,,,,,,,P043,1,NA,2023_Oct_19_1338,N-Back for Neuroimaging,2021.1.4,120.14169291701242,
Conditions/Version_1/twoback(2)_v1.xlsx,Rule: Press 'right' when you see the same letter that appeared 2 letters ago (2-back).  ,b,2,Three,1.8,,,,,0,7,7,7,0,8,8,8,,,,,,,,,,,,,,,,,,,,,,,,,,,,,,,,,,496.5040087159796,497.011688070952,2,1,0.6288381223948818,496.5040087159796,496.41573019030693,497.1025950130079,496.41573019030693,483.8103820425458,485.9046044405968,,,,,,,,,,P043,1,NA,2023_Oct_19_1338,N-Back for Neuroimaging,2021.1.4,120.14169291701242,
Conditions/Version_1/twoback(2)_v1.xlsx,Rule: Press 'right' when you see the same letter that appeared 2 letters ago (2-back).  ,V,2,Three,1.2,,,,,0,7,7,7,0,9,9,9,,,,,,,,,,,,,,,,,,,,,,,,,,,,,,,,,,498.6030242183806,499.1097618096792,1,0,0.3237804036016314,498.6030242183806,498.5115748602602,499.2019072269486,498.5115748602602,485.90625812535654,487.99756690316644,,,,,,,,,,P043,1,NA,2023_Oct_19_1338,N-Back for Neuroimaging,2021.1.4,120.14169291701242,
Conditions/Version_1/twoback(2)_v1.xlsx,Rule: Press 'right' when you see the same letter that appeared 2 letters ago (2-back).  ,,,,,,,,,0,7,7,7,,,,,,,,,,,,,,,,,,,,,,,,,,,,,,,,,,,,,,,,,,,,,,,,,487.99765772053433,500.60385961376596,519.605681248453,487.997667984142,507.9825804822285,519.5886853377233,None,,,P043,1,NA,2023_Oct_19_1338,N-Back for Neuroimaging,2021.1.4,120.14169291701242,
Conditions/Version_1/threeback(3)_v1.xlsx,Rule: Press 'right' when you see the same letter that appeared 3 letters ago (3-back).   ,B,1,Two,1.7,,,,,0,8,8,8,0,0,0,0,,,,,,,,,,,,,,,,,,,,,,,,,,,,,,507.9928608839655,516.9980716860064,516.998472277688,520.0041723116519,532.7356461904601,533.2359229968242,1,1,0.8158637416017882,532.7356461904601,None,533.3360830468864,None,520.0381980341153,522.1065520999346,,,,,,,,,,P043,1,NA,2023_Oct_19_1338,N-Back for Neuroimaging,2021.1.4,120.14169291701242,
Conditions/Version_1/threeback(3)_v1.xlsx,Rule: Press 'right' when you see the same letter that appeared 3 letters ago (3-back).   ,p,1,Two,1.2,,,,,0,8,8,8,0,1,1,1,,,,,,,,,,,,,,,,,,,,,,,,,,,,,,,,,,534.8028068787316,535.306193557939,1,1,0.420538534557636,534.8028068787316,None,535.4023669743256,None,522.1080281931954,524.1974055468272,,,,,,,,,,P043,1,NA,2023_Oct_19_1338,N-Back for Neuroimaging,2021.1.4,120.14169291701242,
Conditions/Version_1/threeback(3)_v1.xlsx,Rule: Press 'right' when you see the same letter that appeared 3 letters ago (3-back).   ,P,1,Two,1.1,,,,,0,8,8,8,0,2,2,2,,,,,,,,,,,,,,,,,,,,,,,,,,,,,,,,,,536.8934727815376,537.3974755881663,1,1,0.4419375325796864,536.8934727815376,538.893761717618,537.4977603566022,536.8044680279327,524.1989086986869,526.2965404802871,,,,,,,,,,P043,1,NA,2023_Oct_19_1338,N-Back for Neuroimaging,2021.1.4,120.14169291701242,
Conditions/Version_1/threeback(3)_v1.xlsx,Rule: Press 'right' when you see the same letter that appeared 3 letters ago (3-back).   ,T,1,Two,1.8,,,,,0,8,8,8,0,3,3,3,,,,,,,,,,,,,,,,,,,,,,,,,,,,,,,,,,538.9936738860251,539.5011849800521,1,1,0.40279244747944176,538.9936738860251,None,539.592625318639,538.9034804201492,526.2980371007616,528.3898845624171,,,,,,,,,,P043,1,NA,2023_Oct_19_1338,N-Back for Neuroimaging,2021.1.4,120.14169291701242,
Conditions/Version_1/threeback(3)_v1.xlsx,Rule: Press 'right' when you see the same letter that appeared 3 letters ago (3-back).   ,V,1,Two,1.4,,,,,0,8,8,8,0,4,4,4,,,,,,,,,,,,,,,,,,,,,,,,,,,,,,,,,,541.0846165951953,541.5877563258036,1,1,0.40079975267872214,541.0846165951953,543.0850905872157,541.6871117712999,540.9968388091238,528.3913805608536,530.487927199305,,,,,,,,,,P043,1,NA,2023_Oct_19_1338,N-Back for Neuroimaging,2021.1.4,120.14169291701242,
Conditions/Version_1/threeback(3)_v1.xlsx,Rule: Press 'right' when you see the same letter that appeared 3 letters ago (3-back).   ,d,1,Two,1.7,,,,,0,8,8,8,0,5,5,5,,,,,,,,,,,,,,,,,,,,,,,,,,,,,,,,,,543.1842037493898,543.6914383480689,1,1,0.41521794302389026,543.1842037493898,None,543.7838764336393,543.0951181310029,530.489410134971,532.5864024627681,,,,,,,,,,P043,1,NA,2023_Oct_19_1338,N-Back for Neuroimaging,2021.1.4,120.14169291701242,
Conditions/Version_1/threeback(3)_v1.xlsx,Rule: Press 'right' when you see the same letter that appeared 3 letters ago (3-back).   ,b,1,Two,1.2,,,,,0,8,8,8,0,6,6,6,,,,,,,,,,,,,,,,,,,,,,,,,,,,,,,,,,545.2834910818583,545.7856050738301,2,0,0.4767874537665193,545.2834910818583,545.193559804482,545.8829252150081,547.2818526370011,532.5878841543599,534.6846600133613,,,,,,,,,,P043,1,NA,2023_Oct_19_1338,N-Back for Neuroimaging,2021.1.4,120.14169291701242,
Conditions/Version_1/threeback(3)_v1.xlsx,Rule: Press 'right' when you see the same letter that appeared 3 letters ago (3-back).   ,V,2,Two,1.5,,,,,0,8,8,8,0,7,7,7,,,,,,,,,,,,,,,,,,,,,,,,,,,,,,,,,,547.3830014145115,547.886745764863,1,0,0.24638347820655326,547.3830014145115,547.2918254415526,547.9838432168763,None,534.6863550635662,536.7850284457418,,,,,,,,,,P043,1,NA,2023_Oct_19_1338,N-Back for Neuroimaging,2021.1.4,120.14169291701242,
Conditions/Version_1/threeback(3)_v1.xlsx,Rule: Press 'right' when you see the same letter that appeared 3 letters ago (3-back).   ,p,1,Two,1.2,,,,,0,8,8,8,0,8,8,8,,,,,,,,,,,,,,,,,,,,,,,,,,,,,,,,,,549.4827241727216,549.9896287808951,2,0,0.5375728871586034,549.4827241727216,549.3920296562246,550.0812827891132,549.3920296562246,536.7865207119594,538.8770842897156,,,,,,,,,,P043,1,NA,2023_Oct_19_1338,N-Back for Neuroimaging,2021.1.4,120.14169291701242,
Conditions/Version_1/threeback(3)_v1.xlsx,Rule: Press 'right' when you see the same letter that appeared 3 letters ago (3-back).   ,B,2,Two,1.1,,,,,0,8,8,8,0,9,9,9,,,,,,,,,,,,,,,,,,,,,,,,,,,,,,,,,,551.5734771606767,552.080828391252,1,0,0.407903101599004,551.5734771606767,551.4841949786714,552.1723825625686,551.4841949786714,538.8787046955076,540.9681551384601,,,,,,,,,,P043,1,NA,2023_Oct_19_1338,N-Back for Neuroimaging,2021.1.4,120.14169291701242,
Conditions/Version_1/threeback(3)_v1.xlsx,Rule: Press 'right' when you see the same letter that appeared 3 letters ago (3-back).   ,,,,,,,,,0,8,8,8,,,,,,,,,,,,,,,,,,,,,,,,,,,,,,,,,,,,,,,,,,,,,,,,,540.968245955828,553.574225470913,572.5762722829131,540.9682565304538,560.9536361781575,572.5594393458159,None,,,P043,1,NA,2023_Oct_19_1338,N-Back for Neuroimaging,2021.1.4,120.14169291701242,
Conditions/Version_1/zeroback(3)_v1.xlsx,Rule: Press 'right' when you see the letter 'x' or 'X'.,X,2,Three,1.5,,,,,0,9,9,9,0,0,0,0,,,,,,,,,,,,,,,,,,,,,,,,,,,,,,560.9614209683623,569.9755744820613,569.9759022954404,572.974946224922,585.6981647427074,586.2017548279382,2,1,0.5297075431917619,585.6981647427074,None,586.3022361599924,None,573.0044074415509,575.0703032180463,,,,,,,,,,P043,1,NA,2023_Oct_19_1338,N-Back for Neuroimaging,2021.1.4,120.14169291701242,
Conditions/Version_1/zeroback(3)_v1.xlsx,Rule: Press 'right' when you see the letter 'x' or 'X'.,B,1,Three,1.5,,,,,0,9,9,9,0,1,1,1,,,,,,,,,,,,,,,,,,,,,,,,,,,,,,,,,,587.7650803484903,588.2643329713082,1,1,0.3507600045286381,587.7650803484903,None,588.3640031674113,None,575.0717886418588,577.1597962705164,,,,,,,,,,P043,1,NA,2023_Oct_19_1338,N-Back for Neuroimaging,2021.1.4,120.14169291701242,
Conditions/Version_1/zeroback(3)_v1.xlsx,Rule: Press 'right' when you see the letter 'x' or 'X'.,v,1,Three,1,,,,,0,9,9,9,0,2,2,2,,,,,,,,,,,,,,,,,,,,,,,,,,,,,,,,,,589.8565754263127,590.363392327301,1,1,0.5526435940791998,589.8565754263127,589.7667890835037,590.4550796144867,589.7667890835037,577.1612897808081,579.2577648850292,,,,,,,,,,P043,1,NA,2023_Oct_19_1338,N-Back for Neuroimaging,2021.1.4,120.14169291701242,
Conditions/Version_1/zeroback(3)_v1.xlsx,Rule: Press 'right' when you see the letter 'x' or 'X'.,v,1,Three,1.2,,,,,0,9,9,9,0,3,3,3,,,,,,,,,,,,,,,,,,,,,,,,,,,,,,,,,,591.9547570884206,592.4591097907341,1,1,0.4021405529401818,591.9547570884206,591.8631376032426,592.5493866095385,591.8631376032426,579.2580373371366,581.3500207138259,,,,,,,,,,P043,1,NA,2023_Oct_19_1338,N-Back for Neuroimaging,2021.1.4,120.14169291701242,
Conditions/Version_1/zeroback(3)_v1.xlsx,Rule: Press 'right' when you see the letter 'x' or 'X'.,T,1,Three,1.8,,,,,0,9,9,9,0,4,4,4,,,,,,,,,,,,,,,,,,,,,,,,,,,,,,,,,,594.0472657751634,594.554700047649,1,1,0.36286017484235344,594.0472657751634,596.0463541802746,594.6518401091798,593.9571755673915,581.3515307080906,583.4491360531283,,,,,,,,,,P043,1,NA,2023_Oct_19_1338,N-Back for Neuroimaging,2021.1.4,120.14169291701242,
Conditions/Version_1/zeroback(3)_v1.xlsx,Rule: Press 'right' when you see the letter 'x' or 'X'.,p,1,Three,1.2,,,,,0,9,9,9,0,5,5,5,,,,,,,,,,,,,,,,,,,,,,,,,,,,,,,,,,596.1465269820892,596.6458411865478,1,1,0.35050434741424397,596.1465269820892,None,596.7453104647739,596.0562293250532,583.450639204988,585.5412684076236,,,,,,,,,,P043,1,NA,2023_Oct_19_1338,N-Back for Neuroimaging,2021.1.4,120.14169291701242,
Conditions/Version_1/zeroback(3)_v1.xlsx,Rule: Press 'right' when you see the letter 'x' or 'X'.,D,1,Three,1.6,,,,,0,9,9,9,0,6,6,6,,,,,,,,,,,,,,,,,,,,,,,,,,,,,,,,,,598.2382979332215,598.7459203718281,1,1,0.354626896123591,598.2382979332215,598.1484369459995,598.8375099992409,598.1484369459995,585.5427948858633,587.6334209783163,,,,,,,,,,P043,1,NA,2023_Oct_19_1338,N-Back for Neuroimaging,2021.1.4,120.14169291701242,
Conditions/Version_1/zeroback(3)_v1.xlsx,Rule: Press 'right' when you see the letter 'x' or 'X'.,X,2,Three,1.1,,,,,0,9,9,9,0,7,7,7,,,,,,,,,,,,,,,,,,,,,,,,,,,,,,,,,,600.3290642949651,600.8359415335199,2,1,0.32673694438017264,600.3290642949651,600.2405503283735,600.9276238444108,602.3272267983393,587.6349179098088,589.7300074271207,,,,,,,,,,P043,1,NA,2023_Oct_19_1338,N-Back for Neuroimaging,2021.1.4,120.14169291701242,
Conditions/Version_1/zeroback(3)_v1.xlsx,Rule: Press 'right' when you see the letter 'x' or 'X'.,B,1,Three,1.6,,,,,0,9,9,9,0,8,8,8,,,,,,,,,,,,,,,,,,,,,,,,,,,,,,,,,,602.4284328032336,602.9314540358373,1,1,0.3035156896330591,602.4284328032336,604.4276686310586,603.0298577650719,None,589.731451174468,591.8304585903916,,,,,,,,,,P043,1,NA,2023_Oct_19_1338,N-Back for Neuroimaging,2021.1.4,120.14169291701242,
Conditions/Version_1/zeroback(3)_v1.xlsx,Rule: Press 'right' when you see the letter 'x' or 'X'.,x,2,Three,1.2,,,,,0,9,9,9,0,9,9,9,,,,,,,,,,,,,,,,,,,,,,,,,,,,,,,,,,604.5278899517434,605.0349301639326,2,1,0.43190843369848153,604.5278899517434,None,605.1268410733373,604.4379963075899,591.8321906517831,593.9236477853628,,,,,,,,,,P043,1,NA,2023_Oct_19_1338,N-Back for Neuroimaging,2021.1.4,120.14169291701242,
Conditions/Version_1/zeroback(3)_v1.xlsx,Rule: Press 'right' when you see the letter 'x' or 'X'.,,,,,,,,,0,9,9,9,,,,,,,,,,,,,,,,,,,,,,,,,,,,,,,,,,,,,,,,,,,,,,,,,593.9237417129152,606.5299181026385,625.5307357699767,593.9237519765229,613.9081298340043,625.5136925844508,None,,,P043,1,NA,2023_Oct_19_1338,N-Back for Neuroimaging,2021.1.4,120.14169291701242,
Conditions/Version_1/twoback(3)_v1.xlsx,Rule: Press 'right' when you see the same letter that appeared 2 letters ago (2-back).  ,t,1,Three,1.6,,,,,0,10,10,10,0,0,0,0,,,,,,,,,,,,,,,,,,,,,,,,,,,,,,613.9164408673187,622.926487383229,622.9267996456892,625.9291587201478,638.6533398398387,639.1539624986472,1,1,0.7271812030448928,638.6533398398387,None,639.2522203602584,None,625.9556058575963,628.0338490640224,,,,,,,,,,P043,1,NA,2023_Oct_19_1338,N-Back for Neuroimaging,2021.1.4,120.14169291701242,
Conditions/Version_1/twoback(3)_v1.xlsx,Rule: Press 'right' when you see the same letter that appeared 2 letters ago (2-back).  ,T,1,Three,1.1,,,,,0,10,10,10,0,1,1,1,,,,,,,,,,,,,,,,,,,,,,,,,,,,,,,,,,640.7361453749709,641.2392160594973,1,1,0.27636471757796244,640.7361453749709,None,641.3295600582733,642.7293573986917,628.035311161455,630.1321504682073,,,,,,,,,,P043,1,NA,2023_Oct_19_1338,N-Back for Neuroimaging,2021.1.4,120.14169291701242,
Conditions/Version_1/twoback(3)_v1.xlsx,Rule: Press 'right' when you see the same letter that appeared 2 letters ago (2-back).  ,P,1,Three,1.8,,,,,0,10,10,10,0,2,2,2,,,,,,,,,,,,,,,,,,,,,,,,,,,,,,,,,,642.8273201038555,643.3349245033969,1,1,0.3839994725130964,642.8273201038555,None,643.4265026231296,None,630.1336421123888,632.2235758779116,,,,,,,,,,P043,1,NA,2023_Oct_19_1338,N-Back for Neuroimaging,2021.1.4,120.14169291701242,
Conditions/Version_1/twoback(3)_v1.xlsx,Rule: Press 'right' when you see the same letter that appeared 2 letters ago (2-back).  ,d,1,Three,1.8,,,,,0,10,10,10,0,3,3,3,,,,,,,,,,,,,,,,,,,,,,,,,,,,,,,,,,644.9186360350886,645.4261583257758,1,1,0.4237998733533459,644.9186360350886,644.830564336642,645.5175628972484,644.830564336642,632.2250547703388,634.3134387312457,,,,,,,,,,P043,1,NA,2023_Oct_19_1338,N-Back for Neuroimaging,2021.1.4,120.14169291701242,
Conditions/Version_1/twoback(3)_v1.xlsx,Rule: Press 'right' when you see the same letter that appeared 2 letters ago (2-back).  ,B,1,Three,1,,,,,0,10,10,10,0,4,4,4,,,,,,,,,,,,,,,,,,,,,,,,,,,,,,,,,,647.009786193521,647.5171831437983,1,1,0.7496006523924734,647.009786193521,646.9205139641035,647.6086720012536,646.9205139641035,634.3149098482118,636.4037286128223,,,,,,,,,,P043,1,NA,2023_Oct_19_1338,N-Back for Neuroimaging,2021.1.4,120.14169291701242,
Conditions/Version_1/twoback(3)_v1.xlsx,Rule: Press 'right' when you see the same letter that appeared 2 letters ago (2-back).  ,D,2,Three,1.5,,,,,0,10,10,10,0,5,5,5,,,,,,,,,,,,,,,,,,,,,,,,,,,,,,,,,,649.1004608048406,649.6036493653355,2,1,0.4428195807213342,649.1004608048406,651.1000067179975,649.7042034756923,649.0112706842774,636.40517422628,638.5027798823357,,,,,,,,,,P043,1,NA,2023_Oct_19_1338,N-Back for Neuroimaging,2021.1.4,120.14169291701242,
Conditions/Version_1/twoback(3)_v1.xlsx,Rule: Press 'right' when you see the same letter that appeared 2 letters ago (2-back).  ,b,2,Three,1.2,,,,,0,10,10,10,0,6,6,6,,,,,,,,,,,,,,,,,,,,,,,,,,,,,,,,,,651.200283088936,651.7074324685782,1,0,0.4780722707218956,651.200283088936,None,651.7989365659341,651.109766163936,638.5042718375353,640.5958642641126,,,,,,,,,,P043,1,NA,2023_Oct_19_1338,N-Back for Neuroimaging,2021.1.4,120.14169291701242,
Conditions/Version_1/twoback(3)_v1.xlsx,Rule: Press 'right' when you see the same letter that appeared 2 letters ago (2-back).  ,v,1,Three,1.8,,,,,0,10,10,10,0,7,7,7,,,,,,,,,,,,,,,,,,,,,,,,,,,,,,,,,,653.2914923408607,653.7984585306749,1,1,0.580845808279264,653.2914923408607,653.2031858235332,653.8900979210284,655.2905101447977,640.597366482918,642.6932966829281,,,,,,,,,,P043,1,NA,2023_Oct_19_1338,N-Back for Neuroimaging,2021.1.4,120.14169291701242,
Conditions/Version_1/twoback(3)_v1.xlsx,Rule: Press 'right' when you see the same letter that appeared 2 letters ago (2-back).  ,D,1,Three,1.2,,,,,0,10,10,10,0,8,8,8,,,,,,,,,,,,,,,,,,,,,,,,,,,,,,,,,,655.3910462160875,655.8988406478638,2,0,0.6973934171091969,655.3910462160875,655.3003821793936,655.9902809864507,None,642.694950056668,644.7874366611068,,,,,,,,,,P043,1,NA,2023_Oct_19_1338,N-Back for Neuroimaging,2021.1.4,120.14169291701242,
Conditions/Version_1/twoback(3)_v1.xlsx,Rule: Press 'right' when you see the same letter that appeared 2 letters ago (2-back).  ,v,2,Three,1.9,,,,,0,10,10,10,0,9,9,9,,,,,,,,,,,,,,,,,,,,,,,,,,,,,,,,,,657.4822592002347,657.9861870514342,1,0,0.8829196166752808,657.4822592002347,657.3945594797788,658.0812653720841,659.4811382899716,644.7889223959373,646.8839428671672,,,,,,,,,,P043,1,NA,2023_Oct_19_1338,N-Back for Neuroimaging,2021.1.4,120.14169291701242,
Conditions/Version_1/twoback(3)_v1.xlsx,Rule: Press 'right' when you see the same letter that appeared 2 letters ago (2-back).  ,,,,,,,,,0,10,10,10,,,,,,,,,,,,,,,,,,,,,,,,,,,,,,,,,,,,,,,,,,,,,,,,,646.884033373517,659.4900337268336,678.4934757673145,646.8840439481428,666.8704110792223,678.4765311746178,None,,,P043,1,NA,2023_Oct_19_1338,N-Back for Neuroimaging,2021.1.4,120.14169291701242,
Conditions/Version_1/oneback(3)_v1.xlsx,Rule: Press 'right' when you see the same letter that appeared 1 letter ago (1-back).    ,B,1,Two,1.8,,,,,0,11,11,11,0,0,0,0,,,,,,,,,,,,,,,,,,,,,,,,,,,,,,666.8794380768613,675.8894046610476,675.8897390058119,678.8916237772319,691.6316593701758,692.1322969578669,1,1,0.45333884457977547,691.6316593701758,None,692.2310540039889,None,678.9341427897853,680.9886792417637,,,,,,,,,,P043,1,NA,2023_Oct_19_1338,N-Back for Neuroimaging,2021.1.4,120.14169291701242,
Conditions/Version_1/oneback(3)_v1.xlsx,Rule: Press 'right' when you see the same letter that appeared 1 letter ago (1-back).    ,b,2,Two,1.9,,,,,0,11,11,11,0,1,1,1,,,,,,,,,,,,,,,,,,,,,,,,,,,,,,,,,,693.6902931783716,694.1974161214512,2,1,0.4666737578863831,693.6902931783716,None,694.2894131829507,None,680.9901304535524,683.0911843704562,,,,,,,,,,P043,1,NA,2023_Oct_19_1338,N-Back for Neuroimaging,2021.1.4,120.14169291701242,
Conditions/Version_1/oneback(3)_v1.xlsx,Rule: Press 'right' when you see the same letter that appeared 1 letter ago (1-back).    ,T,1,Two,1.5,,,,,0,11,11,11,0,2,2,2,,,,,,,,,,,,,,,,,,,,,,,,,,,,,,,,,,695.7894884493999,696.2975612426308,1,1,0.3033433854470786,695.7894884493999,None,696.3889278698607,None,683.0926057244815,685.1907926739004,,,,,,,,,,P043,1,NA,2023_Oct_19_1338,N-Back for Neuroimaging,2021.1.4,120.14169291701242,
Conditions/Version_1/oneback(3)_v1.xlsx,Rule: Press 'right' when you see the same letter that appeared 1 letter ago (1-back).    ,g,1,Two,1.2,,,,,0,11,11,11,0,3,3,3,,,,,,,,,,,,,,,,,,,,,,,,,,,,,,,,,,697.8892961156289,698.3929994115533,1,1,0.37264792345558817,697.8892961156289,None,698.4893799661859,None,685.1923048452936,687.2872012201879,,,,,,,,,,P043,1,NA,2023_Oct_19_1338,N-Back for Neuroimaging,2021.1.4,120.14169291701242,
Conditions/Version_1/oneback(3)_v1.xlsx,Rule: Press 'right' when you see the same letter that appeared 1 letter ago (1-back).    ,v,1,Two,1.1,,,,,0,11,11,11,0,4,4,4,,,,,,,,,,,,,,,,,,,,,,,,,,,,,,,,,,699.9888058262459,700.4958006297511,1,1,0.5261821497842902,699.9888058262459,None,700.5874254022401,None,687.2886965965881,689.3864919738608,,,,,,,,,,P043,1,NA,2023_Oct_19_1338,N-Back for Neuroimaging,2021.1.4,120.14169291701242,
Conditions/Version_1/oneback(3)_v1.xlsx,Rule: Press 'right' when you see the same letter that appeared 1 letter ago (1-back).    ,D,1,Two,1,,,,,0,11,11,11,0,5,5,5,,,,,,,,,,,,,,,,,,,,,,,,,,,,,,,,,,702.0881793108092,702.5911451821394,1,1,0.3436849582794821,702.0881793108092,None,702.6793360006268,704.0788487592235,689.3879795748016,691.4895622229615,,,,,,,,,,P043,1,NA,2023_Oct_19_1338,N-Back for Neuroimaging,2021.1.4,120.14169291701242,
Conditions/Version_1/oneback(3)_v1.xlsx,Rule: Press 'right' when you see the same letter that appeared 1 letter ago (1-back).    ,b,1,Two,1.5,,,,,0,11,11,11,0,6,6,6,,,,,,,,,,,,,,,,,,,,,,,,,,,,,,,,,,704.1871422511012,704.6948670147594,1,1,0.5926446017783746,704.1871422511012,None,704.78648961012,None,691.4910330289094,693.5887466083459,,,,,,,,,,P043,1,NA,2023_Oct_19_1338,N-Back for Neuroimaging,2021.1.4,120.14169291701242,
Conditions/Version_1/oneback(3)_v1.xlsx,Rule: Press 'right' when you see the same letter that appeared 1 letter ago (1-back).    ,V,1,Two,1.7,,,,,0,11,11,11,0,7,7,7,,,,,,,,,,,,,,,,,,,,,,,,,,,,,,,,,,706.2873551742887,706.7903194905266,1,1,0.37860299249405216,706.2873551742887,None,706.8826776443711,None,693.5904351271638,695.6824328106995,,,,,,,,,,P043,1,NA,2023_Oct_19_1338,N-Back for Neuroimaging,2021.1.4,120.14169291701242,
Conditions/Version_1/oneback(3)_v1.xlsx,Rule: Press 'right' when you see the same letter that appeared 1 letter ago (1-back).    ,v,2,Two,1.1,,,,,0,11,11,11,0,8,8,8,,,,,,,,,,,,,,,,,,,,,,,,,,,,,,,,,,708.3786807470915,708.8860363319236,2,1,0.32909881800514995,708.3786807470915,708.2897901372344,708.9779826974245,708.2897901372344,695.683952446534,697.7766508544919,,,,,,,,,,P043,1,NA,2023_Oct_19_1338,N-Back for Neuroimaging,2021.1.4,120.14169291701242,
Conditions/Version_1/oneback(3)_v1.xlsx,Rule: Press 'right' when you see the same letter that appeared 1 letter ago (1-back).    ,P,1,Two,1.3,,,,,0,11,11,11,0,9,9,9,,,,,,,,,,,,,,,,,,,,,,,,,,,,,,,,,,710.4781892136343,710.9819506699969,1,1,0.42560937832422496,710.4781892136343,710.3850721749277,711.0766218675781,712.4773898963813,697.7781981709632,699.8802025600562,,,,,,,,,,P043,1,NA,2023_Oct_19_1338,N-Back for Neuroimaging,2021.1.4,120.14169291701242,
Conditions/Version_1/oneback(3)_v1.xlsx,Rule: Press 'right' when you see the same letter that appeared 1 letter ago (1-back).    ,,,,,,,,,0,11,11,11,,,,,,,,,,,,,,,,,,,,,,,,,,,,,,,,,,,,,,,,,,,,,,,,,699.8802980427008,712.4863257656343,731.4894132451536,699.8803083063067,719.8657461144485,731.4721116033506,None,,,P043,1,NA,2023_Oct_19_1338,N-Back for Neuroimaging,2021.1.4,120.14169291701242,
Conditions/Version_1/twoback(4)_v1.xlsx,Rule: Press 'right' when you see the same letter that appeared 2 letters ago (2-back).  ,p,1,Two,1.4,,,,,0,12,12,12,0,0,0,0,,,,,,,,,,,,,,,,,,,,,,,,,,,,,,719.8744633377755,728.8833099447511,728.8836166088804,731.8874589300231,744.5950092745679,745.1018634977627,1,1,0.5124957857005938,744.5950092745679,None,745.1945084105591,None,731.8977287571342,733.9848465621908,,,,,,,,,,P043,1,NA,2023_Oct_19_1338,N-Back for Neuroimaging,2021.1.4,120.14169291701242,
Conditions/Version_1/twoback(4)_v1.xlsx,Rule: Press 'right' when you see the same letter that appeared 2 letters ago (2-back).  ,T,1,Two,1.2,,,,,0,12,12,12,0,1,1,1,,,,,,,,,,,,,,,,,,,,,,,,,,,,,,,,,,746.6861202446853,747.1901211852037,1,1,0.2724132289804402,746.6861202446853,None,747.2785530429428,748.681199311779,733.9863064824949,736.0840038889746,,,,,,,,,,P043,1,NA,2023_Oct_19_1338,N-Back for Neuroimaging,2021.1.4,120.14169291701242,
Conditions/Version_1/twoback(4)_v1.xlsx,Rule: Press 'right' when you see the same letter that appeared 2 letters ago (2-back).  ,g,1,Two,1.7,,,,,0,12,12,12,0,2,2,2,,,,,,,,,,,,,,,,,,,,,,,,,,,,,,,,,,748.7852744612846,749.2925563347599,1,1,0.40116488826424757,748.7852744612846,None,749.3777924785809,750.784007061362,736.0854896238052,738.1867587654324,,,,,,,,,,P043,1,NA,2023_Oct_19_1338,N-Back for Neuroimaging,2021.1.4,120.14169291701242,
Conditions/Version_1/twoback(4)_v1.xlsx,Rule: Press 'right' when you see the same letter that appeared 2 letters ago (2-back).  ,B,1,Two,1,,,,,0,12,12,12,0,3,3,3,,,,,,,,,,,,,,,,,,,,,,,,,,,,,,,,,,750.8852043577408,751.392049561402,1,1,0.36914181318752526,750.8852043577408,None,751.4847209107611,752.8834240884989,738.1882407680423,740.2861981858932,,,,,,,,,,P043,1,NA,2023_Oct_19_1338,N-Back for Neuroimaging,2021.1.4,120.14169291701242,
Conditions/Version_1/twoback(4)_v1.xlsx,Rule: Press 'right' when you see the same letter that appeared 2 letters ago (2-back).  ,v,1,Two,1.8,,,,,0,12,12,12,0,4,4,4,,,,,,,,,,,,,,,,,,,,,,,,,,,,,,,,,,752.9853538331772,753.4921253254815,1,1,0.27103479549259646,752.9853538331772,None,753.5836281787633,None,740.2876549960129,742.3824045702295,,,,,,,,,,P043,1,NA,2023_Oct_19_1338,N-Back for Neuroimaging,2021.1.4,120.14169291701242,
Conditions/Version_1/twoback(4)_v1.xlsx,Rule: Press 'right' when you see the same letter that appeared 2 letters ago (2-back).  ,T,1,Two,1.4,,,,,0,12,12,12,0,5,5,5,,,,,,,,,,,,,,,,,,,,,,,,,,,,,,,,,,755.0839348428926,755.5874844957343,1,1,0.4423639387860021,755.0839348428926,None,755.6791627633866,757.0823240786704,742.3839052339426,744.4850857353285,,,,,,,,,,P043,1,NA,2023_Oct_19_1338,N-Back for Neuroimaging,2021.1.4,120.14169291701242,
Conditions/Version_1/twoback(4)_v1.xlsx,Rule: Press 'right' when you see the same letter that appeared 2 letters ago (2-back).  ,V,2,Two,1.7,,,,,0,12,12,12,0,6,6,6,,,,,,,,,,,,,,,,,,,,,,,,,,,,,,,,,,757.1836448493486,757.687198545429,2,1,0.391716771729989,757.1836448493486,None,757.7841781214738,None,744.4867220030592,746.580212885865,,,,,,,,,,P043,1,NA,2023_Oct_19_1338,N-Back for Neuroimaging,2021.1.4,120.14169291701242,
Conditions/Version_1/twoback(4)_v1.xlsx,Rule: Press 'right' when you see the same letter that appeared 2 letters ago (2-back).  ,t,2,Two,1.2,,,,,0,12,12,12,0,7,7,7,,,,,,,,,,,,,,,,,,,,,,,,,,,,,,,,,,759.2745228666936,759.7777683435543,2,1,0.41884814962759265,759.2745228666936,759.1873204646363,759.8739685075234,761.2736470389191,746.5817328327194,748.6764578364819,,,,,,,,,,P043,1,NA,2023_Oct_19_1338,N-Back for Neuroimaging,2021.1.4,120.14169291701242,
Conditions/Version_1/twoback(4)_v1.xlsx,Rule: Press 'right' when you see the same letter that appeared 2 letters ago (2-back).  ,P,1,Two,1,,,,,0,12,12,12,0,8,8,8,,,,,,,,,,,,,,,,,,,,,,,,,,,,,,,,,,761.3741803110443,761.8777921675628,1,1,0.4271442540593853,761.3741803110443,761.2834910818583,761.9740651098327,None,748.6779342407608,750.7723740406655,,,,,,,,,,P043,1,NA,2023_Oct_19_1338,N-Back for Neuroimaging,2021.1.4,120.14169291701242,
Conditions/Version_1/twoback(4)_v1.xlsx,Rule: Press 'right' when you see the same letter that appeared 2 letters ago (2-back).  ,b,1,Two,1.4,,,,,0,12,12,12,0,9,9,9,,,,,,,,,,,,,,,,,,,,,,,,,,,,,,,,,,763.4742405242032,763.9738287358596,1,1,0.3941607542055863,763.4742405242032,763.3808709385667,764.0725201571022,765.4721069380739,750.7738719052122,752.8749071610127,,,,,,,,,,P043,1,NA,2023_Oct_19_1338,N-Back for Neuroimaging,2021.1.4,120.14169291701242,
Conditions/Version_1/twoback(4)_v1.xlsx,Rule: Press 'right' when you see the same letter that appeared 2 letters ago (2-back).  ,,,,,,,,,0,12,12,12,,,,,,,,,,,,,,,,,,,,,,,,,,,,,,,,,,,,,,,,,,,,,,,,,752.8749979783806,765.4811569510748,784.4872019044287,752.8750085530064,772.8615109770835,784.4680711634956,None,,,P043,1,NA,2023_Oct_19_1338,N-Back for Neuroimaging,2021.1.4,120.14169291701242,
Conditions/Version_1/zeroback(4)_v1.xlsx,Rule: Press 'right' when you see the letter 'x' or 'X'.,P,1,Two,1.1,,,,,0,13,13,13,0,0,0,0,,,,,,,,,,,,,,,,,,,,,,,,,,,,,,772.8679275974082,781.8756022871057,781.8759870168487,784.8749382628521,797.6073766096761,798.1073725664373,1,1,0.574526225691443,797.6073766096761,None,798.1987989091958,None,784.9090436060233,786.9802378917448,,,,,,,,,,P043,1,NA,2023_Oct_19_1338,N-Back for Neuroimaging,2021.1.4,120.14169291701242,
Conditions/Version_1/zeroback(4)_v1.xlsx,Rule: Press 'right' when you see the letter 'x' or 'X'.,X,2,Two,1.1,,,,,0,13,13,13,0,1,1,1,,,,,,,,,,,,,,,,,,,,,,,,,,,,,,,,,,799.6820455928082,800.1854266736827,2,1,0.4008877708820364,799.6820455928082,None,800.2755697545817,None,786.9817136739857,789.0758486758714,,,,,,,,,,P043,1,NA,2023_Oct_19_1338,N-Back for Neuroimaging,2021.1.4,120.14169291701242,
Conditions/Version_1/zeroback(4)_v1.xlsx,Rule: Press 'right' when you see the letter 'x' or 'X'.,v,1,Two,1.7,,,,,0,13,13,13,0,2,2,2,,,,,,,,,,,,,,,,,,,,,,,,,,,,,,,,,,801.7728293715809,802.2766604960616,1,1,0.38034593953125295,801.7728293715809,None,802.3719699033736,None,789.0773546268974,791.1689629154134,,,,,,,,,,P043,1,NA,2023_Oct_19_1338,N-Back for Neuroimaging,2021.1.4,120.14169291701242,
Conditions/Version_1/zeroback(4)_v1.xlsx,Rule: Press 'right' when you see the letter 'x' or 'X'.,g,1,Two,1.2,,,,,0,13,13,13,0,3,3,3,,,,,,,,,,,,,,,,,,,,,,,,,,,,,,,,,,803.86434062236,804.3714853367273,1,1,0.3967397186643211,803.86434062236,803.7761351860081,804.4631620492873,803.7761351860081,791.1704847283763,793.2618087460869,,,,,,,,,,P043,1,NA,2023_Oct_19_1338,N-Back for Neuroimaging,2021.1.4,120.14169291701242,
Conditions/Version_1/zeroback(4)_v1.xlsx,Rule: Press 'right' when you see the letter 'x' or 'X'.,g,1,Two,1.7,,,,,0,13,13,13,0,4,4,4,,,,,,,,,,,,,,,,,,,,,,,,,,,,,,,,,,805.9544554005861,806.4588192995616,1,1,0.30349796158407116,805.9544554005861,807.9537829788351,806.5562666472597,805.8677730212694,793.2620986152233,795.3565468126217,,,,,,,,,,P043,1,NA,2023_Oct_19_1338,N-Back for Neuroimaging,2021.1.4,120.14169291701242,
Conditions/Version_1/zeroback(4)_v1.xlsx,Rule: Press 'right' when you see the letter 'x' or 'X'.,V,1,Two,1.4,,,,,0,13,13,13,0,5,5,5,,,,,,,,,,,,,,,,,,,,,,,,,,,,,,,,,,808.0546297574929,808.5547827785394,1,1,0.5921637673527584,808.0546297574929,None,808.6543677556037,807.9631965723293,795.3580095320922,797.4510982681259,,,,,,,,,,P043,1,NA,2023_Oct_19_1338,N-Back for Neuroimaging,2021.1.4,120.14169291701242,
Conditions/Version_1/zeroback(4)_v1.xlsx,Rule: Press 'right' when you see the letter 'x' or 'X'.,d,1,Two,1.8,,,,,0,13,13,13,0,6,6,6,,,,,,,,,,,,,,,,,,,,,,,,,,,,,,,,,,810.1458128838749,810.6491625518938,1,1,0.316029514400725,810.1458128838749,810.0581560839546,810.7451549555808,812.1443958841082,797.4526374981197,799.5472247207381,,,,,,,,,,P043,1,NA,2023_Oct_19_1338,N-Back for Neuroimaging,2021.1.4,120.14169291701242,
Conditions/Version_1/zeroback(4)_v1.xlsx,Rule: Press 'right' when you see the letter 'x' or 'X'.,D,1,Two,1.3,,,,,0,13,13,13,0,7,7,7,,,,,,,,,,,,,,,,,,,,,,,,,,,,,,,,,,812.2455515040238,812.7447742690765,1,1,0.3364208128532482,812.2455515040238,812.1538601735974,812.844303573851,814.2440216045816,799.5486749994725,801.6468479530649,,,,,,,,,,P043,1,NA,2023_Oct_19_1338,N-Back for Neuroimaging,2021.1.4,120.14169291701242,
Conditions/Version_1/zeroback(4)_v1.xlsx,Rule: Press 'right' when you see the letter 'x' or 'X'.,P,1,Two,1.2,,,,,0,13,13,13,0,8,8,8,,,,,,,,,,,,,,,,,,,,,,,,,,,,,,,,,,814.3453747211715,814.847142238661,1,1,0.3514666383016447,814.3453747211715,814.2536535329818,814.9437330417222,816.3455529347084,801.6485625974274,803.7483708856944,,,,,,,,,,P043,1,NA,2023_Oct_19_1338,N-Back for Neuroimaging,2021.1.4,120.14169291701242,
Conditions/Version_1/zeroback(4)_v1.xlsx,Rule: Press 'right' when you see the letter 'x' or 'X'.,X,2,Two,1,,,,,0,13,13,13,0,9,9,9,,,,,,,,,,,,,,,,,,,,,,,,,,,,,,,,,,816.4446209992147,816.9450539368081,2,1,0.2990958073478396,816.4446209992147,816.3554557601237,817.0435236019421,818.4428967132826,803.7498718604256,805.8456704996588,,,,,,,,,,P043,1,NA,2023_Oct_19_1338,N-Back for Neuroimaging,2021.1.4,120.14169291701242,
Conditions/Version_1/zeroback(4)_v1.xlsx,Rule: Press 'right' when you see the letter 'x' or 'X'.,,,,,,,,,0,13,13,13,,,,,,,,,,,,,,,,,,,,,,,,,,,,,,,,,,,,,,,,,,,,,,,,,805.8457883756273,818.451426392523,837.4552671585734,805.84581450117,825.8322889335941,837.438663442028,None,,,P043,1,NA,2023_Oct_19_1338,N-Back for Neuroimaging,2021.1.4,120.14169291701242,
Conditions/Version_1/oneback(4)_v1.xlsx,Rule: Press 'right' when you see the same letter that appeared 1 letter ago (1-back).    ,b,1,Three,1.1,,,,,0,14,14,14,0,0,0,0,,,,,,,,,,,,,,,,,,,,,,,,,,,,,,825.841017042565,834.8523766781,834.8526964050016,837.846228777662,850.5776068628074,851.0820494494346,1,1,0.3018088207300025,850.5776068628074,None,851.177533027043,None,837.8804631934636,839.9475610560203,,,,,,,,,,P043,1,NA,2023_Oct_19_1338,N-Back for Neuroimaging,2021.1.4,120.14169291701242,
Conditions/Version_1/oneback(4)_v1.xlsx,Rule: Press 'right' when you see the same letter that appeared 1 letter ago (1-back).    ,D,1,Three,1.1,,,,,0,14,14,14,0,1,1,1,,,,,,,,,,,,,,,,,,,,,,,,,,,,,,,,,,852.6445196694258,853.1479374504706,1,1,0.38914962596936675,852.6445196694258,None,853.2456065542774,None,839.949035905207,842.0425933459483,,,,,,,,,,P043,1,NA,2023_Oct_19_1338,N-Back for Neuroimaging,2021.1.4,120.14169291701242,
Conditions/Version_1/oneback(4)_v1.xlsx,Rule: Press 'right' when you see the same letter that appeared 1 letter ago (1-back).    ,g,1,Three,1,,,,,0,14,14,14,0,2,2,2,,,,,,,,,,,,,,,,,,,,,,,,,,,,,,,,,,854.7441659171127,855.2509249686809,1,1,0.3742561995295546,854.7441659171127,854.6509661475156,855.3425702683835,854.6509661475156,842.0440871672581,844.1385683326062,,,,,,,,,,P043,1,NA,2023_Oct_19_1338,N-Back for Neuroimaging,2021.1.4,120.14169291701242,
Conditions/Version_1/oneback(4)_v1.xlsx,Rule: Press 'right' when you see the same letter that appeared 1 letter ago (1-back).    ,T,1,Three,1.6,,,,,0,14,14,14,0,3,3,3,,,,,,,,,,,,,,,,,,,,,,,,,,,,,,,,,,856.835235521783,857.3421438621772,1,1,0.36020221171384037,856.835235521783,856.745655695182,857.4337589930965,856.745655695182,844.1400917006613,846.2325167234594,,,,,,,,,,P043,1,NA,2023_Oct_19_1338,N-Back for Neuroimaging,2021.1.4,120.14169291701242,
Conditions/Version_1/oneback(4)_v1.xlsx,Rule: Press 'right' when you see the same letter that appeared 1 letter ago (1-back).    ,V,1,Three,1.5,,,,,0,14,14,14,0,4,4,4,,,,,,,,,,,,,,,,,,,,,,,,,,,,,,,,,,858.9258970703322,859.433302729125,1,1,0.29538784614851465,858.9258970703322,858.8416443666483,859.5255890377211,858.8416443666483,846.2339716674705,848.3194000206531,,,,,,,,,,P043,1,NA,2023_Oct_19_1338,N-Back for Neuroimaging,2021.1.4,120.14169291701242,
Conditions/Version_1/oneback(4)_v1.xlsx,Rule: Press 'right' when you see the same letter that appeared 1 letter ago (1-back).    ,V,2,Three,1.3,,,,,0,14,14,14,0,5,5,5,,,,,,,,,,,,,,,,,,,,,,,,,,,,,,,,,,861.016359878131,861.5196613382996,2,1,0.29701167314124177,861.016359878131,860.9250921547482,861.6109471007494,863.0105995066006,848.3196783821077,850.4134137253659,,,,,,,,,,P043,1,NA,2023_Oct_19_1338,N-Back for Neuroimaging,2021.1.4,120.14169291701242,
Conditions/Version_1/oneback(4)_v1.xlsx,Rule: Press 'right' when you see the same letter that appeared 1 letter ago (1-back).    ,v,2,Three,1.7,,,,,0,14,14,14,0,6,6,6,,,,,,,,,,,,,,,,,,,,,,,,,,,,,,,,,,863.1084533553294,863.6117768978038,2,1,0.3658335106138111,863.1084533553294,863.0206189639102,863.7079419166948,None,850.4149209204661,852.5033260306227,,,,,,,,,,P043,1,NA,2023_Oct_19_1338,N-Back for Neuroimaging,2021.1.4,120.14169291701242,
Conditions/Version_1/oneback(4)_v1.xlsx,Rule: Press 'right' when you see the same letter that appeared 1 letter ago (1-back).    ,p,1,Three,1.9,,,,,0,14,14,14,0,7,7,7,,,,,,,,,,,,,,,,,,,,,,,,,,,,,,,,,,865.1999132880737,865.7075730488887,1,1,0.5644262146197434,865.1999132880737,865.1110472486689,865.7992071519311,865.1110472486689,852.5054229165817,854.6009133365933,,,,,,,,,,P043,1,NA,2023_Oct_19_1338,N-Back for Neuroimaging,2021.1.4,120.14169291701242,
Conditions/Version_1/oneback(4)_v1.xlsx,Rule: Press 'right' when you see the same letter that appeared 1 letter ago (1-back).    ,g,1,Three,1.2,,,,,0,14,14,14,0,8,8,8,,,,,,,,,,,,,,,,,,,,,,,,,,,,,,,,,,867.2991797823124,867.8027266359877,1,1,0.4831490238375409,867.2991797823124,867.2079400505845,867.9002274788472,867.2079400505845,854.6024065358652,856.6950775742062,,,,,,,,,,P043,1,NA,2023_Oct_19_1338,N-Back for Neuroimaging,2021.1.4,120.14169291701242,
Conditions/Version_1/oneback(4)_v1.xlsx,Rule: Press 'right' when you see the same letter that appeared 1 letter ago (1-back).    ,G,2,Three,1.8,,,,,0,14,14,14,0,9,9,9,,,,,,,,,,,,,,,,,,,,,,,,,,,,,,,,,,869.390595550447,869.8975909759884,2,1,0.3437331661298231,869.390595550447,869.3022445574898,869.989242807078,869.3022445574898,856.6965539784851,858.787369170117,,,,,,,,,,P043,1,NA,2023_Oct_19_1338,N-Back for Neuroimaging,2021.1.4,120.14169291701242,
Conditions/Version_1/oneback(4)_v1.xlsx,Rule: Press 'right' when you see the same letter that appeared 1 letter ago (1-back).    ,,,,,,,,,0,14,14,14,,,,,,,,,,,,,,,,,,,,,,,,,,,,,,,,,,,,,,,,,,,,,,,,,858.7874637197056,871.3935813269545,890.3928774923461,858.7874742943313,878.7786363958694,890.3845745455092,None,,,P043,1,NA,2023_Oct_19_1338,N-Back for Neuroimaging,2021.1.4,120.14169291701242,
Conditions/Version_1/threeback(4)_v1.xlsx,Rule: Press 'right' when you see the same letter that appeared 3 letters ago (3-back).   ,v,1,Three,1.5,,,,,0,15,15,15,0,0,0,0,,,,,,,,,,,,,,,,,,,,,,,,,,,,,,878.7870522423818,887.7945107742999,887.794856626746,890.7916717984717,903.5158728233382,904.019462908569,1,1,0.35024122586037265,903.5158728233382,None,904.1110158358115,None,890.8172250690786,892.8921515754337,,,,,,,,,,P043,1,NA,2023_Oct_19_1338,N-Back for Neuroimaging,2021.1.4,120.14169291701242,
Conditions/Version_1/threeback(4)_v1.xlsx,Rule: Press 'right' when you see the same letter that appeared 3 letters ago (3-back).   ,B,1,Three,1.2,,,,,0,15,15,15,0,1,1,1,,,,,,,,,,,,,,,,,,,,,,,,,,,,,,,,,,905.5898961323,906.0972902834128,1,1,0.2471523156564217,905.5898961323,None,906.1889253195095,None,892.89359003547,894.9912516748354,,,,,,,,,,P043,1,NA,2023_Oct_19_1338,N-Back for Neuroimaging,2021.1.4,120.14169291701242,
Conditions/Version_1/threeback(4)_v1.xlsx,Rule: Press 'right' when you see the same letter that appeared 3 letters ago (3-back).   ,b,1,Three,1.7,,,,,0,15,15,15,0,2,2,2,,,,,,,,,,,,,,,,,,,,,,,,,,,,,,,,,,907.689577214047,908.1935268365323,1,1,0.31535025024459173,907.689577214047,None,908.2913010645534,None,894.9926941781105,897.0908602892978,,,,,,,,,,P043,1,NA,2023_Oct_19_1338,N-Back for Neuroimaging,2021.1.4,120.14169291701242,
Conditions/Version_1/threeback(4)_v1.xlsx,Rule: Press 'right' when you see the same letter that appeared 3 letters ago (3-back).   ,V,2,Three,1.1,,,,,0,15,15,15,0,3,3,3,,,,,,,,,,,,,,,,,,,,,,,,,,,,,,,,,,909.7893932777733,910.2928107478001,2,1,0.446509502855406,909.7893932777733,None,910.3880140978417,911.7885659688654,897.0923889446658,899.1913257594151,,,,,,,,,,P043,1,NA,2023_Oct_19_1338,N-Back for Neuroimaging,2021.1.4,120.14169291701242,
Conditions/Version_1/threeback(4)_v1.xlsx,Rule: Press 'right' when you see the same letter that appeared 3 letters ago (3-back).   ,P,1,Three,1.1,,,,,0,15,15,15,0,4,4,4,,,,,,,,,,,,,,,,,,,,,,,,,,,,,,,,,,911.8887042476399,912.3920047747542,1,1,0.37111553586510126,911.8887042476399,None,912.4872653521779,913.8870763774066,899.192754888898,901.2898333687899,,,,,,,,,,P043,1,NA,2023_Oct_19_1338,N-Back for Neuroimaging,2021.1.4,120.14169291701242,
Conditions/Version_1/threeback(4)_v1.xlsx,Rule: Press 'right' when you see the same letter that appeared 3 letters ago (3-back).   ,G,1,Three,1,,,,,0,15,15,15,0,5,5,5,,,,,,,,,,,,,,,,,,,,,,,,,,,,,,,,,,913.9885100477604,914.4958777623106,1,1,0.4003515751846862,913.9885100477604,None,914.5871709891999,None,901.2912811593778,903.3836330928552,,,,,,,,,,P043,1,NA,2023_Oct_19_1338,N-Back for Neuroimaging,2021.1.4,120.14169291701242,
Conditions/Version_1/threeback(4)_v1.xlsx,Rule: Press 'right' when you see the same letter that appeared 3 letters ago (3-back).   ,V,2,Three,1.7,,,,,0,15,15,15,0,6,6,6,,,,,,,,,,,,,,,,,,,,,,,,,,,,,,,,,,916.0793672268737,916.5831311713828,1,0,0.5004823895178561,916.0793672268737,915.9908694332371,916.6828452210775,915.9908694332371,903.3851290912917,905.4773762115728,,,,,,,,,,P043,1,NA,2023_Oct_19_1338,N-Back for Neuroimaging,2021.1.4,120.14169291701242,
Conditions/Version_1/threeback(4)_v1.xlsx,Rule: Press 'right' when you see the same letter that appeared 3 letters ago (3-back).   ,p,2,Three,1.4,,,,,0,15,15,15,0,7,7,7,,,,,,,,,,,,,,,,,,,,,,,,,,,,,,,,,,918.1795151472179,918.685956649013,2,1,0.6393670278212085,918.1795151472179,918.0860320398697,918.7776019487173,920.1773846712731,905.4788992686099,907.5801839611559,,,,,,,,,,P043,1,NA,2023_Oct_19_1338,N-Back for Neuroimaging,2021.1.4,120.14169291701242,
Conditions/Version_1/threeback(4)_v1.xlsx,Rule: Press 'right' when you see the same letter that appeared 3 letters ago (3-back).   ,b,1,Three,1.2,,,,,0,15,15,15,0,8,8,8,,,,,,,,,,,,,,,,,,,,,,,,,,,,,,,,,,920.2786273763359,920.7860442317906,1,1,0.48419528968770464,920.2786273763359,920.1871686876639,920.8775887615375,None,907.5818432442466,909.6765651378264,,,,,,,,,,P043,1,NA,2023_Oct_19_1338,N-Back for Neuroimaging,2021.1.4,120.14169291701242,
Conditions/Version_1/threeback(4)_v1.xlsx,Rule: Press 'right' when you see the same letter that appeared 3 letters ago (3-back).   ,b,1,Three,1.6,,,,,0,15,15,15,0,9,9,9,,,,,,,,,,,,,,,,,,,,,,,,,,,,,,,,,,922.3684827652269,922.8713500437298,1,1,0.5153496904131316,922.3684827652269,922.2850536382302,922.9686403271426,922.2850536382302,909.676872112972,911.7622790058867,,,,,,,,,,P043,1,NA,2023_Oct_19_1338,N-Back for Neuroimaging,2021.1.4,120.14169291701242,
Conditions/Version_1/threeback(4)_v1.xlsx,Rule: Press 'right' when you see the same letter that appeared 3 letters ago (3-back).   ,,,,,,,,,0,15,15,15,,,,,,,,,,,,,,,,,,,,,,,,,,,,,,,,,,,,,,,,,,,,,,,,,911.762366091034,924.368064445498,943.3738232619362,911.7623766656598,931.7491813996076,943.3559829362875,None,,,P043,1,NA,2023_Oct_19_1338,N-Back for Neuroimaging,2021.1.4,120.14169291701242,
,,,,,,,,,,,,,,,,,,,,,,,,,,,,,,,,,,,,,,,,,,,,,,,,,,,,,,,,,,,,,,,,,,,,,944.3632592114318,None,,,,,,,,
