7235.938855  	9324.026621  	15422.84226  	2564.063194  	5147.693221  
7230.834337  	9264.563951  	15388.29752  	2556.718338  	5140.685175  
7227.086636  	9302.358721  	15394.79825  	2571.972058  	5154.313908  
7230.379032  	9281.443658  	15406.09303  	2580.936323  	5151.008851  
7230.366448  	9251.621327  	15386.47071  	2575.906595  	5160.951101  
7253.846325  	9309.464977  	15381.64414  	2568.881466  	5156.779799  
7258.136426  	9309.725554  	15423.35261  	2573.343567  	5155.139651  
7250.022724  	9335.729348  	15462.15519  	2564.594848  	5173.684052  
7242.032811  	9317.053192  	15460.4979  	2580.116516  	5164.032513  
7228.185141  	9257.019701  	15409.72737  	2553.551317  	5145.427288  
7236.476296  	9345.968878  	15444.46736  	2560.789154  	5131.210755  
7235.425205  	9325.480842  	15436.03935  	2569.716523  	5142.125039  
7245.932125  	9322.026474  	15403.28789  	2574.616437  	5147.37245  
7238.026922  	9303.882801  	15423.99897  	2587.620418  	5177.659333  
7240.230262  	9281.921838  	15389.81326  	2576.069439  	5174.448984  
7242.021261  	9281.465901  	15354.29393  	2579.791661  	5140.481653  
7235.031691  	9274.354115  	15407.7117  	2568.577416  	5152.780631  
7241.757797  	9280.059843  	15417.80695  	2585.642304  	5150.49684  
7240.000237  	9258.18106  	15415.56253  	2577.161204  	5169.012756  
7240.794693  	9334.327688  	15384.68241  	2566.61446  	5130.277711  
7236.220257  	9283.872412  	15398.63031  	2560.222339  	5152.671316  
7229.972127  	9337.954876  	15387.70378  	2571.541347  	5152.865402  
7231.640791  	9321.6345  	15372.58165  	2567.743187  	5164.24715  
7248.1752  	9249.763306  	15385.14663  	2562.310944  	5151.288666  
7239.748222  	9319.287111  	15429.49985  	2562.531486  	5136.147725  
7234.380725  	9316.031605  	15366.22361  	2566.790766  	5178.019382  
7229.399632  	9361.679683  	15399.13459  	2555.297176  	5151.59455  
7229.9944  	9256.082234  	15403.7252  	2556.818405  	5149.235563  
7245.642267  	9263.25225  	15361.93099  	2567.16135  	5159.802107  
7257.929869  	9334.34154  	15380.23959  	2563.390174  	5143.836138  
7237.409998  	9321.697881  	15424.45882  	2576.98979  	5145.320394  
7234.355191  	9318.771945  	15433.65446  	2576.871043  	5153.391692  
7237.629039  	9270.929294  	15392.90257  	2563.932539  	5165.654549  
7236.342026  	9322.291176  	15415.34737  	2569.790453  	5156.366502  
7235.962248  	9307.93704  	15418.16542  	2577.854477  	5155.006066  
7238.285362  	9306.452156  	15361.69807  	2559.519668  	5154.976404  
7225.634867  	9332.059068  	15403.01042  	2570.629719  	5156.033405  
7233.123737  	9292.494441  	15368.08387  	2545.954033  	5139.101796  
7237.752741  	9322.742485  	15398.58236  	2573.313171  	5151.067234  
7245.060899  	9312.767049  	15390.93986  	2581.441057  	5145.382978  
7247.827304  	9259.23718  	15386.82845  	2564.270414  	5138.131872  
7239.445104  	9306.725439  	15403.20155  	2563.706079  	5139.930111  
7237.110831  	9297.819681  	15395.72774  	2570.474688  	5149.225052  
7231.180758  	9292.84485  	15398.82178  	2560.23855  	5157.068031  
7232.521205  	9324.536149  	15399.22749  	2564.442532  	5136.363384  
7232.329464  	9278.681799  	15414.95393  	2560.514538  	5132.921085  
7229.241568  	9318.078418  	15371.59251  	2569.230732  	5153.653586  
7238.690651  	9285.851337  	15398.88377  	2582.865106  	5160.080366  
7236.290792  	9278.738528  	15373.57701  	2573.736721  	5137.557503  
7226.881904  	9267.394323  	15369.9453  	2574.671759  	5147.743313  
7224.052673  	9306.913512  	15378.15666  	2584.021225  	5152.099007  
7223.714341  	9223.33993  	15369.10392  	2561.1332  	5142.417  
7228.258853  	9282.023383  	15353.13562  	2568.529632  	5133.793951  
7230.503009  	9267.326975  	15382.75282  	2552.437026  	5142.476498  
7228.926775  	9351.172631  	15396.64605  	2575.03354  	5146.883584  
7221.51918  	9252.556789  	15348.82678  	2567.225279  	5149.23697  
7229.878743  	9336.830474  	15380.45643  	2576.491132  	5161.96191  
7238.239935  	9258.449429  	15380.48235  	2558.280853  	5141.93893  
7244.826307  	9310.098517  	15377.99101  	2564.90246  	5165.774352  
7245.155163  	9305.328679  	15392.51841  	2566.755176  	5145.33347  
7241.41535  	9323.127668  	15385.92181  	2558.490753  	5156.877241  
7233.876662  	9316.07355  	15423.09329  	2564.295207  	5173.523722  
7231.168078  	9311.311931  	15428.75576  	2565.479768  	5144.597839  
7231.445874  	9337.929174  	15417.5319  	2569.817104  	5167.821126  
7236.328403  	9340.673172  	15425.51125  	2578.173147  	5164.560018  
7243.375375  	9341.606404  	15383.04679  	2571.09023  	5175.497465  
7246.820829  	9260.152597  	15418.11228  	2572.751657  	5156.734051  
7246.204319  	9338.361824  	15437.16322  	2570.945858  	5143.484979  
7239.629938  	9340.272188  	15405.25272  	2563.052501  	5167.095599  
7233.004197  	9261.65314  	15380.19129  	2582.620056  	5148.735124  
7215.390278  	9236.584559  	15370.85152  	2562.038603  	5133.228365  
7224.039818  	9322.079876  	15402.55311  	2570.739594  	5136.841521  
7227.068338  	9317.262827  	15375.7919  	2569.680379  	5135.751201  
7225.048379  	9319.780077  	15414.25275  	2553.14007  	5162.302713  
7228.377828  	9305.909603  	15377.58995  	2576.030668  	5160.518451  
7235.134764  	9291.544673  	15418.99826  	2582.740895  	5145.983269  
7239.187285  	9312.957077  	15421.92964  	2557.282458  	5156.305265  
7243.654917  	9309.023778  	15375.11529  	2556.514312  	5167.185942  
7242.521842  	9363.341225  	15414.54467  	2574.718077  	5166.731484  
7244.28949  	9276.799529  	15441.87937  	2566.528004  	5153.958368  
7231.543111  	9320.661611  	15404.8447  	2561.885259  	5152.109152  
7234.440782  	9275.221543  	15426.21444  	2568.357924  	5153.697957  
7255.768286  	9299.801476  	15514.08499  	2575.602927  	5173.910283  
7243.428385  	9290.478274  	15389.9519  	2558.341466  	5157.094472  
7243.24642  	9309.364063  	15402.33984  	2563.119526  	5145.759428  
7237.805064  	9301.219141  	15436.92225  	2580.450376  	5154.192927  
7230.783042  	9349.375209  	15385.02566  	2580.65427  	5161.802419  
7227.78121  	9320.695964  	15408.06345  	2562.379319  	5150.694294  
7225.16532  	9286.633418  	15400.76074  	2561.80496  	5149.354402  
7231.068685  	9342.430943  	15409.54865  	2572.829231  	5145.154075  
7239.137691  	9234.315385  	15413.00139  	2555.271605  	5141.303391  
7236.133765  	9274.823261  	15370.76784  	2563.674773  	5154.105609  
7238.777667  	9341.559304  	15411.46959  	2574.364314  	5148.486227  
7240.469653  	9319.042938  	15399.80856  	2553.564805  	5144.743833  
7222.118656  	9320.141944  	15411.79719  	2565.730766  	5128.027642  
7230.702789  	9340.830362  	15421.89276  	2573.430689  	5152.438327  
7234.170297  	9276.73406  	15413.43196  	2555.989456  	5148.490221  
7240.472265  	9273.446733  	15385.29046  	2578.429005  	5149.19194  
7234.451959  	9262.469464  	15414.99823  	2574.618361  	5153.169322  
7237.788247  	9304.72183  	15424.92741  	2582.988633  	5154.7111  
7244.830793  	9295.172409  	15399.54963  	2563.098596  	5158.067434  
7236.245761  	9299.655381  	15453.98611  	2560.260072  	5151.375086  
7227.532478  	9361.551221  	15468.48956  	2571.614449  	5167.966342  
7223.980959  	9313.061826  	15428.62207  	2566.198041  	5144.904998  
7226.865172  	9293.34115  	15388.95457  	2569.512365  	5145.477158  
7223.292631  	9308.153609  	15400.72314  	2575.982352  	5163.787539  
7235.025578  	9306.861985  	15357.56969  	2562.689995  	5141.120194  
7234.480844  	9308.51199  	15374.23461  	2575.131085  	5160.134273  
7238.89623  	9289.825733  	15409.72446  	2566.414502  	5155.357666  
7248.348944  	9311.071775  	15425.71634  	2576.040504  	5163.780495  
7249.862577  	9315.379035  	15446.00127  	2573.162218  	5170.463837  
7257.942551  	9293.527056  	15408.6228  	2563.22599  	5159.534131  
7255.329862  	9355.910389  	15414.98205  	2563.030138  	5141.70597  
7234.746862  	9328.903258  	15394.75647  	2558.0529  	5147.110433  
7241.066775  	9304.269399  	15407.73213  	2563.412193  	5159.88136  
7230.592006  	9298.181227  	15379.35231  	2563.187544  	5149.69172  
7234.803326  	9299.342792  	15397.40311  	2572.37861  	5159.352919  
7241.652118  	9341.832461  	15362.1032  	2558.433812  	5152.059817  
7232.407944  	9197.225943  	15374.99198  	2545.72738  	5155.647316  
7247.653469  	9272.257608  	15405.01759  	2572.697033  	5149.749864  
7242.315292  	9262.819365  	15441.98907  	2581.534368  	5163.374635  
7240.457345  	9305.967567  	15431.16711  	2554.082926  	5165.628808  
7228.350927  	9335.106328  	15434.23077  	2550.531383  	5130.732374  
7223.816044  	9246.410899  	15374.66931  	2566.011556  	5142.715017  
7225.485726  	9275.678316  	15374.14498  	2564.372849  	5145.35785  
7230.553329  	9286.957176  	15395.01316  	2567.130128  	5132.331421  
7233.370881  	9290.658894  	15380.2202  	2569.163402  	5150.852254  
7226.801082  	9273.944352  	15381.54195  	2573.119871  	5142.125674  
7233.56104  	9317.354957  	15417.45495  	2562.04461  	5143.799428  
7244.596518  	9281.18067  	15399.9751  	2569.982464  	5146.382229  
7243.700238  	9289.468145  	15396.90819  	2582.554182  	5167.649028  
7249.505295  	9319.290567  	15413.3565  	2566.601171  	5153.785524  
7251.286534  	9333.16039  	15433.46846  	2575.995828  	5149.005933  
7258.558787  	9290.029719  	15384.45554  	2577.505724  	5173.035516  
7243.159495  	9330.636807  	15431.97857  	2587.360545  	5169.944426  
7239.27157  	9299.211266  	15385.24372  	2568.229134  	5153.691947  
7235.858067  	9283.767171  	15415.81482  	2572.757426  	5157.168734  
7232.935551  	9236.063721  	15377.36308  	2573.862268  	5143.681149  
7222.116039  	9259.61362  	15369.14209  	2573.899681  	5136.659327  
7228.500547  	9278.243209  	15374.80553  	2565.187395  	5130.451411  
7237.728051  	9272.390428  	15381.77233  	2562.640238  	5166.887115  
7241.115133  	9303.749831  	15407.46988  	2579.043738  	5153.069999  
7244.172321  	9306.959375  	15401.19355  	2587.589558  	5168.497182  
7242.438546  	9335.916236  	15432.00084  	2570.71231  	5170.779903  
7238.198344  	9238.056364  	15371.65613  	2570.617811  	5158.986432  
7228.889505  	9283.35088  	15375.33658  	2588.648776  	5156.964309  
7226.220755  	9310.499988  	15370.7364  	2560.777995  	5115.507895  
7225.039853  	9308.222342  	15361.43234  	2570.357007  	5165.219481  
7228.694005  	9314.127931  	15392.40946  	2579.735566  	5156.396927  
7214.756335  	9296.879026  	15400.74596  	2565.668022  	5155.338798  
7217.021958  	9362.632391  	15423.86291  	2573.686255  	5128.120818  
7229.920974  	9313.697831  	15372.90393  	2556.2129  	5125.431024  
7242.31752  	9293.779578  	15437.38995  	2555.705424  	5152.294227  
7249.684229  	9277.170582  	15460.19456  	2561.096728  	5147.274307  
7237.722439  	9288.528349  	15400.0207  	2577.644774  	5155.83314  
7226.990136  	9277.107186  	15415.34448  	2573.632022  	5164.608254  
7227.522438  	9246.216319  	15367.79503  	2587.413102  	5139.228543  
7225.431694  	9324.582586  	15382.56681  	2574.998489  	5161.009222  
7212.884267  	9294.214101  	15349.7323  	2570.934361  	5141.773992  
7214.526285  	9334.2662  	15400.26398  	2550.421397  	5147.26968  
7234.223026  	9326.687245  	15373.16797  	2587.179797  	5144.207675  
7232.345712  	9322.889364  	15431.23385  	2576.047731  	5156.784828  
7227.973965  	9271.800979  	15392.68832  	2556.911425  	5133.256967  
7227.276061  	9350.459306  	15372.05979  	2560.263266  	5143.044777  
7226.52898  	9318.577036  	15358.82059  	2555.054147  	5141.175677  
7233.7388  	9286.881229  	15397.063  	2565.516019  	5159.368366  
7245.578118  	9311.509236  	15355.61131  	2556.985156  	5141.020729  
7251.580512  	9355.249685  	15374.52696  	2567.190329  	5150.616014  
7244.421647  	9269.735566  	15417.69049  	2571.2009  	5141.860181  
7254.54337  	9329.796387  	15448.11515  	2569.797653  	5157.205153  
7256.473936  	9330.884832  	15426.3505  	2586.798591  	5169.224278  
7251.512801  	9284.975851  	15430.16899  	2577.444891  	5168.124427  
7246.126679  	9262.476567  	15396.89749  	2559.149092  	5159.339351  
7249.055204  	9328.813503  	15421.81274  	2573.819088  	5168.928437  
7245.449997  	9316.135212  	15417.82845  	2559.233111  	5151.721417  
7235.628103  	9312.858656  	15398.76725  	2556.228859  	5136.57857  
7237.230717  	9343.534349  	15486.80975  	2567.752215  	5159.148885  
7236.995462  	9298.198354  	15379.50812  	2565.468799  	5145.681229  
7249.510298  	9281.631566  	15428.98913  	2560.365168  	5161.677484  
7247.730473  	9380.216613  	15436.16558  	2565.907721  	5169.64302  
7242.762344  	9325.786935  	15395.67251  	2571.521337  	5156.060066  
7246.611037  	9277.194025  	15407.37328  	2565.393484  	5150.101226  
7248.272875  	9347.817078  	15431.72478  	2574.473801  	5164.930441  
7240.239242  	9243.484157  	15412.55619  	2565.606452  	5152.048839  
7245.223563  	9307.906915  	15437.61137  	2561.834719  	5135.545419  
7244.09846  	9271.990364  	15388.55484  	2575.002978  	5160.952344  
7244.287682  	9321.899953  	15440.90759  	2569.293163  	5163.899061  
7224.668956  	9334.643105  	15417.19726  	2590.744378  	5148.807873  
7233.01399  	9266.642208  	15397.30578  	2567.457456  	5137.934786  
7223.89607  	9290.346721  	15384.17251  	2568.300587  	5151.709632  
7232.073336  	9284.521224  	15384.75748  	2572.162557  	5153.943186  
7230.939633  	9333.289474  	15367.43475  	2584.232965  	5158.174395  
7231.439915  	9304.316542  	15389.30637  	2567.566426  	5152.334718  
7230.510349  	9269.731042  	15408.84086  	2573.232362  	5153.350676  
7240.500345  	9290.939381  	15394.03292  	2577.528697  	5154.584571  
7236.335479  	9351.236106  	15396.91882  	2578.289609  	5159.990864  
7252.141009  	9312.120731  	15441.24977  	2585.392431  	5144.270999  
7244.79078  	9272.149356  	15412.57819  	2569.639496  	5144.928381  
7237.835735  	9309.082723  	15406.68701  	2576.165434  	5142.209605  
7242.022509  	9362.895943  	15413.54176  	2565.609014  	5153.189931  
7248.202321  	9301.206757  	15360.48312  	2574.174325  	5150.375847  
7228.893705  	9292.543062  	15397.25095  	2569.184821  	5153.067904  
7237.457683  	9301.598299  	15411.31534  	2561.666749  	5170.322544  
7245.077021  	9330.217912  	15383.89298  	2574.868407  	5150.351294  
7252.197176  	9271.744499  	15442.88945  	2588.511643  	5160.315778  
7238.124024  	9311.395807  	15400.81031  	2569.68298  	5136.240754  
7241.322567  	9273.550029  	15408.61761  	2586.180746  	5142.869603  
7226.702094  	9294.902202  	15426.79299  	2562.84325  	5162.545128  
7231.250808  	9320.500211  	15435.64281  	2569.276522  	5124.570016  
7231.398802  	9272.619934  	15371.13834  	2568.879508  	5153.915476  
7238.398179  	9244.671062  	15412.64658  	2581.3642  	5161.556971  
7239.139548  	9305.608899  	15408.59408  	2581.194615  	5174.777555  
7234.033082  	9257.886762  	15406.03476  	2563.793006  	5150.717464  
7245.687386  	9326.301684  	15359.79573  	2572.935734  	5163.03537  
7248.417049  	9270.730591  	15407.24533  	2569.930596  	5155.208556  
7249.366877  	9295.853864  	15416.03393  	2564.683837  	5157.692214  
7235.943536  	9294.902882  	15403.24637  	2572.101924  	5135.333529  
7229.571956  	9296.53027  	15438.21314  	2576.996394  	5146.777387  
7221.254632  	9281.298154  	15393.12429  	2555.31434  	5127.779879  
7231.707173  	9286.711854  	15355.92726  	2573.401742  	5143.440187  
7222.329409  	9304.108081  	15338.70731  	2580.869876  	5155.271288  
7225.389837  	9285.620158  	15353.93374  	2553.162634  	5155.657801  
7234.938772  	9288.736089  	15374.34135  	2561.558272  	5147.576624  
7230.54787  	9326.714847  	15380.78525  	2577.116301  	5154.846873  
7241.057891  	9325.776595  	15386.85992  	2570.712329  	5161.72695  
7244.875216  	9318.999253  	15419.92062  	2566.6791  	5167.741176  
7248.916475  	9265.320846  	15411.95454  	2568.586937  	5155.61185  
7260.560412  	9342.282831  	15410.8442  	2548.881788  	5167.801464  
7256.031719  	9315.006695  	15456.47175  	2559.879741  	5160.642777  
7239.41273  	9369.624591  	15418.74878  	2555.869295  	5158.682299  
7240.176754  	9335.25857  	15403.00313  	2565.919013  	5147.919806  
7234.426912  	9304.217707  	15435.28386  	2559.876683  	5151.327435  
7232.659202  	9296.623635  	15377.39328  	2568.572795  	5152.326942  
7213.293796  	9277.774038  	15365.96632  	2568.065234  	5149.060494  
7224.469036  	9326.930963  	15368.08343  	2564.045101  	5157.087987  
7229.935876  	9301.525612  	15440.1082  	2567.331778  	5155.620541  
7246.117179  	9323.478273  	15418.28046  	2569.348223  	5137.461935  
7259.394835  	9329.973544  	15388.04344  	2572.119285  	5151.86232  
7260.534888  	9330.889615  	15429.1185  	2571.291759  	5151.752606  
7248.134505  	9336.6166  	15443.83517  	2560.549352  	5140.511639  
7247.256136  	9299.02391  	15385.51386  	2578.653463  	5149.453205  
7249.43716  	9379.47235  	15428.18956  	2562.601706  	5159.133887  
7240.997183  	9302.648735  	15444.92106  	2549.588359  	5152.219924  
7250.099362  	9290.263438  	15448.38759  	2599.366267  	5170.793933  
7245.932384  	9318.195361  	15423.28612  	2555.541964  	5164.919895  
7244.358371  	9270.762469  	15462.84567  	2550.72292  	5157.61388  
7239.98963  	9310.886304  	15478.45101  	2564.954303  	5133.34301  
7248.156133  	9236.022369  	15460.23464  	2570.784714  	5163.023401  
7253.591877  	9323.678954  	15445.55242  	2570.163727  	5146.596229  
7246.849163  	9272.449038  	15361.85582  	2577.050648  	5156.890907  
7250.096768  	9306.531049  	15415.31629  	2565.490331  	5165.350911  
7234.126212  	9307.901921  	15424.92107  	2571.348288  	5146.851231  
7243.950445  	9279.483265  	15370.77717  	2567.169511  	5148.512643  
7232.811978  	9280.152009  	15396.68962  	2573.94448  	5135.320644  
7237.159228  	9303.517147  	15391.29193  	2564.246823  	5136.086998  
7240.491816  	9281.360784  	15424.88906  	2578.503371  	5155.056882  
7243.369373  	9271.718615  	15429.29419  	2579.455765  	5146.82912  
7237.883948  	9265.127451  	15402.79198  	2580.037603  	5151.79935  
7241.407193  	9266.816033  	15405.98482  	2576.404148  	5177.296702  
7235.604795  	9292.185389  	15359.75209  	2557.021176  	5159.52837  
7237.960122  	9253.446233  	15396.24232  	2561.231697  	5150.625625  
7233.225689  	9270.719509  	15362.65523  	2572.24039  	5153.947478  
7223.620708  	9305.125977  	15387.78238  	2585.676308  	5165.12999  
7247.901087  	9299.575428  	15403.79309  	2566.450417  	5149.216556  
7238.997551  	9268.714181  	15388.0155  	2568.788747  	5137.644397  
7225.904057  	9285.999837  	15372.90431  	2552.294006  	5134.090802  
7229.681839  	9261.580468  	15358.87466  	2572.926278  	5148.093097  
7231.815657  	9319.208864  	15401.2872  	2569.555879  	5155.714307  
7222.331554  	9304.462164  	15409.29976  	2571.047972  	5158.170669  
7238.129114  	9295.235533  	15378.70719  	2571.462454  	5146.420103  
7235.172537  	9251.527377  	15398.48237  	2570.028947  	5166.630324  
7249.94598  	9297.471437  	15402.31929  	2570.020043  	5155.374272  
7241.222207  	9304.938911  	15411.5556  	2567.993697  	5146.177823  
7242.943071  	9334.172853  	15417.53895  	2578.414059  	5167.270524  
7249.05037  	9277.141567  	15419.49262  	2566.125131  	5147.231919  
7250.105382  	9279.420871  	15432.2755  	2576.421109  	5153.01531  
7242.445199  	9311.177635  	15416.91827  	2571.286652  	5145.53509  
7241.484859  	9291.940203  	15398.19242  	2573.267031  	5142.772791  
7230.339059  	9300.711468  	15400.11761  	2582.470745  	5166.208951  
7225.657802  	9293.291257  	15388.45189  	2574.190289  	5157.893158  
7223.631398  	9324.846576  	15382.9866  	2571.386003  	5150.973193  
7217.894681  	9314.254767  	15352.76672  	2564.328816  	5149.43572  
7220.553734  	9251.586336  	15359.51645  	2574.449278  	5140.212142  
7220.117498  	9316.485056  	15422.41181  	2578.069383  	5160.197787  
7233.150169  	9251.724597  	15439.48395  	2564.274294  	5138.548836  
7234.237009  	9243.723238  	15385.45308  	2563.26431  	5147.964487  
7224.598061  	9282.970378  	15418.76155  	2561.702203  	5154.994754  
7241.29588  	9327.219441  	15415.63513  	2578.607497  	5165.681265  
7232.044279  	9293.839454  	15439.34719  	2574.495085  	5164.138808  
7236.475727  	9331.265999  	15390.64212  	2568.356547  	5157.49851  
7231.147929  	9351.541189  	15413.31026  	2559.504549  	5161.389258  
7239.866091  	9276.21248  	15401.4929  	2582.936214  	5159.610333  
7248.362688  	9341.455707  	15410.30425  	2578.230462  	5160.977274  
7243.123118  	9302.742235  	15395.19991  	2563.478232  	5152.802205  
7238.93482  	9308.548214  	15395.71299  	2572.748773  	5156.862202  
7245.705895  	9330.794811  	15400.22994  	2573.492984  	5155.695058  
7232.164098  	9248.298965  	15419.7007  	2568.391486  	5151.860233  
7246.521341  	9305.408992  	15426.5114  	2579.482274  	5175.816118  
7234.189778  	9250.170333  	15374.24684  	2565.253332  	5156.818316  
7248.49219  	9320.09706  	15401.09706  	2572.220315  	5168.814542  
7246.763754  	9355.870596  	15406.41038  	2577.229144  	5151.576803  
7230.709935  	9291.595196  	15383.19285  	2552.012168  	5134.398499  
7231.089146  	9315.746233  	15384.51152  	2569.976349  	5149.074544  
7241.403322  	9289.536792  	15371.46931  	2586.085584  	5170.421349  
7235.373129  	9284.19047  	15382.71922  	2558.797528  	5148.409371  
7228.231251  	9291.342539  	15409.59048  	2569.903451  	5141.175249  
7241.844553  	9260.658992  	15408.12651  	2578.611076  	5160.145636  
7235.813355  	9300.892278  	15376.34828  	2571.690007  	5166.776676  
7239.235074  	9248.966898  	15375.89755  	2570.910948  	5154.606613  
7235.235827  	9283.175588  	15384.48521  	2559.034567  	5143.375096  
7237.935723  	9293.764932  	15370.55665  	2562.661151  	5155.888976  
7245.490856  	9299.390931  	15402.42693  	2552.403308  	5141.178431  
7242.029307  	9336.207503  	15466.9246  	2571.018968  	5140.795332  
7237.616572  	9335.365553  	15407.92809  	2565.897194  	5149.757648  
7238.852474  	9338.80124  	15450.19279  	2562.67689  	5150.445261  
7229.639289  	9315.465871  	15386.88187  	2565.283814  	5158.764172  
7227.604599  	9327.213054  	15393.61962  	2578.059727  	5165.493024  
7235.534712  	9280.470268  	15432.28189  	2556.711977  	5133.558445  
7237.122867  	9300.793726  	15455.31024  	2574.065812  	5156.7412  
7237.265567  	9253.104454  	15398.69412  	2563.903798  	5148.782594  
7239.656896  	9261.398964  	15369.27039  	2567.362467  	5147.08067  
7244.640989  	9347.984481  	15415.55216  	2569.41198  	5154.881747  
7248.237348  	9342.781316  	15418.40876  	2566.876913  	5136.120272  
7248.391476  	9299.19116  	15419.72052  	2565.832496  	5152.325786  
7252.504322  	9308.929063  	15464.64374  	2571.708593  	5156.114081  
7234.295529  	9327.54089  	15428.1345  	2566.081175  	5143.463643  
7230.064776  	9334.382872  	15433.88032  	2556.998634  	5141.519685  
7238.958905  	9262.992874  	15398.93268  	2575.391678  	5155.687779  
7241.479286  	9266.602726  	15369.64652  	2584.129567  	5148.916564  
7242.292892  	9281.247227  	15423.01597  	2569.136223  	5154.483602  
7226.770415  	9300.616119  	15398.29099  	2568.557448  	5147.065076  
7234.622825  	9334.428193  	15372.46671  	2570.615956  	5175.42947  
7236.835924  	9278.357573  	15379.64984  	2570.628598  	5144.858041  
7238.859975  	9332.835541  	15360.0297  	2584.032142  	5149.489088  
7235.223253  	9295.865091  	15376.52492  	2558.881278  	5146.888584  
7244.506977  	9302.763772  	15393.63736  	2577.048834  	5155.129187  
7241.948231  	9250.840884  	15385.71431  	2576.044348  	5165.169491  
7233.260712  	9275.710656  	15396.78079  	2570.235734  	5153.007285  
7240.664577  	9273.956185  	15401.0848  	2573.844423  	5175.832333  
7231.628629  	9283.710636  	15406.93624  	2573.729852  	5163.412396  
7241.995161  	9369.991686  	15396.06548  	2573.263518  	5179.2699  
7243.265747  	9281.589088  	15401.52166  	2560.070823  	5139.443501  
7246.514695  	9284.42983  	15409.96464  	2584.327882  	5170.887866  
7248.390961  	9265.992561  	15402.88667  	2556.675442  	5161.025162  
7240.262597  	9295.474566  	15395.53641  	2566.388715  	5152.60168  
7241.713935  	9242.012039  	15402.18955  	2570.414518  	5166.48645  
7235.251555  	9278.695793  	15396.165  	2562.836699  	5141.672433  
7234.821779  	9318.425903  	15405.49034  	2575.073254  	5156.797317  
7237.231144  	9294.28204  	15345.46364  	2568.801286  	5136.185092  
7233.528354  	9263.074766  	15390.90368  	2588.180357  	5137.380733  
7234.148827  	9333.654367  	15425.86969  	2559.10765  	5154.088227  
7225.481508  	9290.419963  	15355.50805  	2567.427235  	5132.262475  
7239.729103  	9256.693178  	15326.78881  	2567.824581  	5156.998178  
7240.131833  	9331.909958  	15379.34635  	2573.770034  	5148.3217  
7247.861584  	9320.328828  	15456.05407  	2572.452785  	5148.427688  
7244.591629  	9324.083603  	15432.12479  	2571.437107  	5159.095266  
7240.635059  	9312.717102  	15423.20836  	2567.616838  	5171.884726  
7230.626949  	9363.155814  	15396.15281  	2572.28666  	5151.416674  
7236.361965  	9301.537319  	15402.54657  	2548.899546  	5148.989014  
7238.108665  	9325.490094  	15385.53883  	2561.369886  	5164.522627  
7224.798054  	9290.19804  	15424.65924  	2567.2452  	5151.960101  
7233.421871  	9325.404288  	15417.74593  	2581.642778  	5166.081175  
7226.387723  	9321.299329  	15409.7735  	2559.233975  	5131.566568  
7224.338313  	9232.683325  	15365.13918  	2557.247311  	5151.724017  
7226.548031  	9300.95585  	15402.47362  	2571.435637  	5147.596537  
7244.732033  	9307.7322  	15407.8698  	2584.456521  	5169.00714  
7234.923332  	9350.323997  	15417.47138  	2570.609558  	5153.196963  
7232.578316  	9267.622788  	15408.49359  	2566.987741  	5158.11255  
7240.976797  	9263.913341  	15360.24605  	2580.954519  	5167.169795  
7236.675767  	9254.551323  	15403.80342  	2558.376867  	5169.880908  
7242.085397  	9290.839282  	15362.61324  	2572.995164  	5166.551132  
7228.825525  	9278.281611  	15417.5519  	2554.177667  	5155.377214  
7232.647892  	9340.445988  	15383.46559  	2575.473523  	5122.169767  
7242.238689  	9311.781574  	15432.94192  	2568.807837  	5163.310869  
7239.372054  	9301.429666  	15380.82195  	2575.845092  	5143.037735  
7239.644807  	9329.91651  	15448.02038  	2577.454173  	5166.858867  
7244.861911  	9314.091921  	15430.15448  	2581.0263  	5183.373571  
7241.463875  	9333.024172  	15392.30686  	2557.015658  	5147.519066  
7244.189975  	9334.995477  	15461.62714  	2563.333676  	5154.805644  
7240.984445  	9374.493493  	15409.65927  	2578.229793  	5174.191248  
7233.859505  	9332.590922  	15409.70626  	2575.908438  	5147.735481  
7242.927394  	9284.332349  	15426.73613  	2594.47089  	5164.972106  
7240.375576  	9267.536293  	15385.99901  	2569.798694  	5139.114002  
7255.894921  	9320.515645  	15414.35561  	2560.519728  	5145.781334  
7254.25153  	9257.798398  	15403.48602  	2571.033257  	5161.35414  
7249.751125  	9255.566696  	15419.76559  	2561.772065  	5142.37505  
7240.828791  	9320.227439  	15402.11823  	2553.839045  	5156.711032  
7233.822841  	9273.461832  	15359.78111  	2572.769385  	5156.694042  
7239.048506  	9262.333112  	15416.42595  	2582.454019  	5150.63639  
7228.642257  	9278.917944  	15371.42785  	2577.744147  	5135.556446  
7227.035278  	9289.017664  	15402.96735  	2559.98734  	5163.190118  
7235.108277  	9342.364214  	15403.0961  	2571.582082  	5152.285087  
7230.031559  	9256.699097  	15407.17973  	2558.074487  	5137.080297  
7226.035902  	9301.976377  	15373.11275  	2557.58398  	5143.229188  
7233.423133  	9276.578567  	15357.20802  	2564.522325  	5151.988176  
7235.351966  	9248.539702  	15364.87872  	2568.457373  	5146.557641  
7241.761658  	9309.024841  	15382.72759  	2592.896819  	5166.479231  
7235.576933  	9283.555307  	15384.67436  	2573.100863  	5161.837152  
7220.532102  	9262.394549  	15381.38661  	2568.56196  	5129.502131  
7226.790352  	9298.907542  	15397.89969  	2565.939594  	5143.613005  
7234.253117  	9302.572759  	15427.57883  	2557.849795  	5130.662197  
7243.281294  	9293.970403  	15381.08639  	2563.872062  	5153.683015  
7230.560056  	9240.0825  	15403.83004  	2576.611575  	5134.708018  
7247.353166  	9338.758229  	15440.348  	2564.35965  	5155.693227  
7256.768995  	9348.101491  	15376.34283  	2571.425714  	5162.297517  
7258.341246  	9311.19982  	15418.19813  	2575.595689  	5159.273963  
7249.417602  	9325.767283  	15422.9345  	2580.773684  	5141.019364  
7251.969015  	9263.59046  	15377.99907  	2582.087597  	5176.798873  
7258.001171  	9256.743619  	15388.17325  	2565.657599  	5155.232473  
7248.933954  	9323.677455  	15408.2124  	2565.974184  	5157.465832  
7250.536217  	9358.316064  	15449.91713  	2565.365737  	5169.046442  
7236.577916  	9349.696355  	15398.2216  	2578.508359  	5146.848246  
7242.68921  	9333.332444  	15415.97172  	2574.256359  	5158.088427  
7242.258612  	9329.436603  	15402.41966  	2566.797531  	5160.212544  
7245.14156  	9271.485717  	15369.57007  	2557.062375  	5144.873262  
7240.76047  	9305.044618  	15430.23959  	2572.299873  	5157.974029  
7241.367126  	9262.237027  	15381.02021  	2569.03961  	5167.189049  
7237.276926  	9274.16499  	15380.47731  	2559.418969  	5158.951506  
7237.29011  	9306.912666  	15413.17965  	2566.37327  	5141.216913  
7223.543641  	9274.449444  	15348.91246  	2570.747052  	5149.090575  
7238.325014  	9289.975917  	15410.64049  	2567.445132  	5140.275306  
7253.052589  	9245.759073  	15388.63328  	2570.261053  	5155.406872  
7258.139729  	9229.824352  	15379.07404  	2573.393975  	5174.688555  
7255.385925  	9317.206264  	15433.73154  	2581.970135  	5155.441905  
7239.56688  	9256.042189  	15408.90214  	2566.188164  	5128.540467  
7229.204336  	9273.360436  	15445.17415  	2554.384056  	5124.722938  
7230.82499  	9309.650122  	15411.90611  	2583.934729  	5180.760805  
7240.35214  	9308.369276  	15412.82181  	2581.998909  	5161.467326  
7234.965174  	9349.344953  	15416.7625  	2571.227621  	5173.681176  
7238.752149  	9351.194683  	15432.05817  	2555.84574  	5150.394261  
7230.667599  	9347.028243  	15437.55746  	2571.772531  	5160.843966  
7234.518608  	9305.354213  	15418.9242  	2571.515239  	5153.223607  
7232.116083  	9288.462674  	15412.65986  	2565.639163  	5168.60761  
7228.685949  	9258.949345  	15377.94044  	2567.302213  	5146.746838  
7247.028541  	9283.815693  	15388.5555  	2565.183262  	5148.355431  
7233.181589  	9307.284119  	15400.49818  	2575.691322  	5147.770093  
7231.036442  	9304.38355  	15406.27862  	2582.763573  	5155.68772  
7233.229869  	9280.998842  	15374.65086  	2566.278465  	5128.026813  
7225.708994  	9300.010822  	15427.27226  	2570.236339  	5150.674068  
7232.18716  	9290.376201  	15377.56927  	2567.621785  	5163.63664  
7230.710275  	9306.530854  	15419.74421  	2561.068424  	5144.321429  
7230.210024  	9257.691277  	15375.87555  	2571.770239  	5159.011211  
7230.962113  	9343.749667  	15385.44903  	2571.282326  	5126.480342  
7235.181962  	9281.319393  	15391.90797  	2572.476062  	5174.038696  
7243.955946  	9310.98722  	15419.74842  	2559.222547  	5145.390627  
7230.291307  	9304.305678  	15414.4691  	2562.103407  	5152.162635  
7235.274359  	9324.267246  	15432.40438  	2567.661564  	5138.304356  
7239.718972  	9352.552855  	15391.94009  	2573.423891  	5159.678767  
7240.134119  	9286.269319  	15370.14096  	2570.024135  	5148.722402  
7247.059928  	9313.632089  	15398.04497  	2566.501966  	5155.85873  
