7259.301672  	13007.97365  	16437.42027  	5340.830891  	6343.212845  
7267.931623  	12976.05964  	16441.76214  	5353.66149  	6343.098919  
7262.237418  	12983.15933  	16450.9162  	5353.159302  	6349.254232  
7269.09445  	12957.03079  	16468.65808  	5355.912353  	6339.916938  
7263.229677  	12987.96351  	16464.81669  	5364.763072  	6343.404743  
7275.099675  	12981.51733  	16474.10003  	5360.642967  	6342.963596  
7281.777005  	12992.52784  	16508.92913  	5350.56414  	6343.376371  
7277.149889  	12951.6235  	16488.84703  	5360.274791  	6345.828613  
7288.264241  	13028.97944  	16501.93932  	5355.657839  	6335.681439  
7283.718046  	12955.05709  	16527.22142  	5345.613038  	6344.970432  
7281.837546  	12991.05209  	16504.3883  	5355.162349  	6351.746507  
7266.178771  	12938.73124  	16469.85144  	5353.683285  	6332.578378  
7275.724724  	12978.35354  	16495.87798  	5358.169794  	6343.320551  
7297.178826  	12968.06801  	16550.13282  	5363.775633  	6351.213249  
7289.952131  	12960.15841  	16491.75253  	5366.904782  	6348.763045  
7299.490777  	13006.7146  	16526.14521  	5372.373078  	6353.859927  
7289.082143  	12989.59641  	16497.12148  	5367.361572  	6347.752583  
7299.048159  	12996.69513  	16503.8404  	5367.163873  	6344.411495  
7290.173844  	12937.50493  	16491.96137  	5355.789093  	6335.610273  
7298.436019  	12959.16803  	16450.68779  	5369.16762  	6357.705383  
7303.003209  	12994.45299  	16520.60441  	5366.260941  	6348.237838  
7300.725781  	13004.61582  	16481.82945  	5365.706884  	6359.45984  
7267.594319  	12950.91565  	16434.35377  	5342.9691  	6342.409786  
7283.009886  	13005.581  	16494.93013  	5349.811819  	6324.001631  
7274.083624  	13011.50768  	16505.70309  	5365.460094  	6330.439703  
7261.56755  	12931.72091  	16482.22785  	5339.55209  	6335.161814  
7252.569643  	12934.22642  	16464.005  	5337.038084  	6324.67444  
7243.508816  	12904.72411  	16495.834  	5333.324223  	6324.538424  
7253.211541  	12887.22175  	16470.66114  	5340.660374  	6331.66122  
7244.356113  	12917.25978  	16453.45547  	5331.828651  	6321.174925  
7267.160858  	12954.53601  	16501.6356  	5347.279214  	6338.752176  
7264.318735  	12920.00524  	16465.77717  	5356.870706  	6343.715914  
7282.616124  	12964.07696  	16500.89764  	5352.207596  	6349.764932  
7264.935122  	12930.52773  	16457.15858  	5356.228611  	6346.015025  
7264.534204  	12899.7852  	16448.99452  	5346.804022  	6341.144465  
7267.995981  	12867.9132  	16442.18217  	5340.501749  	6343.208921  
7270.648502  	12936.62253  	16469.02784  	5354.888421  	6341.188663  
7274.991219  	12952.83253  	16460.5421  	5345.926402  	6343.550519  
7292.787916  	12985.88512  	16521.35252  	5367.218303  	6354.046224  
7272.855978  	12994.56008  	16477.4139  	5361.184002  	6355.445659  
7273.816572  	12966.17291  	16514.81813  	5359.162697  	6347.06816  
7277.430236  	12989.21019  	16493.45322  	5371.307651  	6341.85124  
7259.737989  	12998.84341  	16487.63636  	5361.326934  	6350.664801  
7282.411899  	12971.42119  	16489.43948  	5372.690576  	6357.325479  
7271.858641  	12974.89975  	16494.94789  	5357.656883  	6349.748526  
7286.18297  	13028.9005  	16532.45288  	5365.95086  	6354.192639  
7276.468717  	12914.62115  	16480.45261  	5360.482506  	6336.699909  
7280.319901  	12975.65592  	16534.72765  	5355.419974  	6339.0743  
7284.593137  	12990.79529  	16520.90193  	5352.507394  	6351.701528  
7276.406877  	13023.71119  	16544.73004  	5367.447267  	6343.050016  
7279.53759  	13000.97387  	16553.35119  	5371.129371  	6355.240292  
7287.876865  	12988.15677  	16564.19498  	5371.990316  	6347.297532  
7288.725528  	12967.79465  	16571.44702  	5360.882867  	6347.774785  
7284.251878  	12978.76037  	16511.69801  	5373.123791  	6361.040142  
7276.865058  	12985.28115  	16512.51548  	5373.036132  	6349.672113  
7302.347188  	12979.88045  	16550.58172  	5367.295798  	6339.071955  
7289.450572  	12995.6166  	16506.19736  	5361.522924  	6355.597906  
7272.966683  	12962.82951  	16461.41336  	5346.281707  	6352.103256  
7306.013444  	12984.10154  	16613.58341  	5374.72706  	6369.919337  
7300.028581  	12996.13084  	16532.03873  	5367.595006  	6365.254868  
7283.326988  	12975.86485  	16528.21974  	5358.83164  	6344.514685  
7293.85563  	12983.59736  	16549.59669  	5379.508598  	6361.746986  
7284.607575  	12945.28371  	16470.2438  	5353.994663  	6364.456474  
7276.567352  	12990.12832  	16477.7064  	5350.374192  	6370.130335  
7267.589379  	12978.96351  	16488.04041  	5334.836266  	6340.327959  
7248.995908  	12956.70709  	16470.30659  	5339.028807  	6326.536516  
7267.002659  	12963.69638  	16472.93039  	5352.908666  	6342.81738  
7275.666781  	12949.84019  	16463.98591  	5352.993536  	6341.704789  
7267.299573  	12970.22266  	16484.55903  	5341.601905  	6321.189634  
7272.412953  	12950.70834  	16488.96944  	5345.137148  	6326.90389  
7281.087588  	12980.58637  	16480.70657  	5349.391624  	6337.702974  
7307.876106  	12939.52091  	16541.18412  	5363.736946  	6339.135778  
7306.567478  	12978.49048  	16555.68943  	5354.483297  	6340.982123  
7272.745234  	12978.30795  	16489.01965  	5346.407398  	6337.916392  
7252.987972  	12893.45207  	16381.55673  	5346.946068  	6329.922933  
7266.247183  	12939.50484  	16398.20014  	5356.396376  	6338.214802  
7291.209434  	12942.6813  	16522.29073  	5358.52072  	6335.015507  
7288.787183  	12977.75507  	16504.87649  	5360.313127  	6344.799289  
7267.035605  	12950.99838  	16439.83311  	5366.267942  	6343.456058  
7244.759347  	12905.78045  	16382.70973  	5334.589921  	6333.873047  
7239.876522  	12898.17192  	16423.88271  	5335.652929  	6346.960139  
7241.893742  	12889.6621  	16430.48288  	5331.501477  	6330.023772  
7234.834021  	12849.75694  	16345.88607  	5337.571035  	6323.340971  
7229.474764  	12943.4237  	16397.5901  	5346.322201  	6317.928832  
7232.056346  	12867.26478  	16363.1743  	5352.877061  	6306.717285  
7272.749517  	12944.45712  	16452.97308  	5334.859918  	6344.223946  
7294.60642  	12999.64155  	16534.06874  	5352.818649  	6335.387186  
7297.729886  	13055.4034  	16517.9043  	5369.095281  	6371.668728  
7255.94859  	12992.06236  	16450.98169  	5350.650685  	6344.919455  
7251.84444  	12935.73772  	16448.684  	5330.456965  	6334.241407  
7234.278514  	12959.14993  	16409.98196  	5325.143406  	6318.877517  
7233.055058  	12933.32596  	16428.58432  	5323.354489  	6312.689613  
7246.804173  	12881.76558  	16359.5805  	5329.355908  	6328.153962  
7250.225081  	12899.95883  	16418.95719  	5335.326479  	6319.601388  
7269.19721  	12863.18135  	16412.9028  	5343.912068  	6340.310487  
7279.938897  	12929.08543  	16503.01648  	5360.525979  	6350.352177  
7270.42418  	13014.07725  	16460.72535  	5366.350927  	6338.562244  
7264.114608  	12979.98936  	16472.10451  	5350.547304  	6340.088906  
7255.923474  	12934.74214  	16487.01229  	5344.029939  	6333.052954  
7260.825527  	12963.13729  	16467.42796  	5340.810443  	6332.958855  
7266.708831  	13017.25221  	16519.521  	5355.872971  	6350.895827  
7279.025209  	13030.4143  	16511.07689  	5357.583299  	6341.06593  
7283.679094  	12967.05101  	16508.31102  	5370.585189  	6341.136249  
7283.956501  	12983.15038  	16496.28331  	5363.227664  	6352.291778  
7283.478252  	12952.50254  	16532.79773  	5368.425175  	6330.243631  
7271.945541  	12916.648  	16463.77593  	5356.32614  	6344.101605  
7285.849444  	12913.69782  	16516.83134  	5368.499074  	6350.795808  
7299.082161  	12979.42381  	16550.53563  	5382.382798  	6347.202082  
7294.981347  	12991.73513  	16612.01032  	5372.764912  	6347.17428  
7285.262659  	12988.28872  	16538.70044  	5378.907082  	6351.557843  
7283.779252  	12978.73414  	16491.58463  	5374.511468  	6344.517617  
7277.854516  	12949.26082  	16492.36526  	5364.839141  	6348.876817  
7293.599298  	12990.09727  	16584.83188  	5375.728677  	6351.567181  
7286.073677  	12940.97456  	16543.97176  	5370.308007  	6344.263268  
7284.976985  	12975.59092  	16549.80124  	5369.887758  	6337.925998  
7297.672367  	12962.00717  	16564.35117  	5377.480969  	6347.489677  
7295.15525  	12983.33925  	16577.94825  	5370.452102  	6348.26419  
7289.787971  	13023.51778  	16586.01844  	5373.665219  	6344.958445  
7302.655361  	12986.09996  	16565.3966  	5378.995292  	6349.785325  
7286.387785  	12990.55327  	16559.2812  	5363.823385  	6336.03163  
7294.616846  	13034.7039  	16583.16783  	5371.104213  	6332.876296  
7289.91647  	12980.62168  	16556.05545  	5377.24466  	6355.250874  
7297.77537  	13053.32983  	16542.56405  	5369.771179  	6348.708975  
7307.111904  	12969.80524  	16603.43837  	5368.791191  	6362.201714  
7285.600778  	13000.62303  	16513.37446  	5372.834393  	6341.544054  
7292.77316  	12938.64334  	16525.09584  	5364.698912  	6349.367887  
7286.845875  	12945.7072  	16485.57066  	5362.674792  	6347.557195  
7280.069088  	12961.68412  	16466.42218  	5352.296225  	6351.450638  
7287.110602  	12965.39533  	16492.14728  	5363.74649  	6341.956124  
7239.113836  	12947.31236  	16393.8279  	5325.235964  	6330.344199  
7258.837383  	12932.25446  	16421.99839  	5347.284715  	6326.953891  
7251.757492  	12935.73442  	16458.57259  	5342.493086  	6322.905614  
7267.69235  	12980.67389  	16451.73875  	5359.746857  	6331.573827  
7280.158191  	12994.94922  	16491.75618  	5354.700966  	6345.834527  
7277.708462  	12937.03184  	16525.76812  	5350.903932  	6337.49308  
7276.462905  	13056.16789  	16546.38442  	5360.372764  	6348.40115  
7271.263339  	12968.2269  	16453.29918  	5345.603931  	6343.040304  
7276.851355  	12970.94679  	16487.18288  	5351.8781  	6346.744141  
7274.08901  	12999.13487  	16457.90393  	5351.950984  	6347.926065  
7290.269029  	13009.66254  	16495.89501  	5352.343457  	6350.465468  
7297.238366  	13004.05614  	16495.65998  	5363.601591  	6360.390854  
7272.973743  	12912.44666  	16462.53908  	5348.647341  	6350.339132  
7274.296807  	12970.30921  	16480.4482  	5350.666159  	6342.590386  
7274.415993  	12960.00701  	16469.26462  	5340.580257  	6342.374515  
7287.106469  	12978.55633  	16471.50259  	5348.58373  	6346.761951  
7275.074136  	12963.75483  	16419.25739  	5345.739852  	6346.287878  
7256.690305  	12898.071  	16394.41796  	5350.35198  	6332.829698  
7274.12019  	12887.59621  	16444.48684  	5355.2181  	6332.067793  
7291.321986  	12947.45457  	16497.33397  	5345.508951  	6353.349766  
7267.35908  	12975.83832  	16457.24311  	5347.449252  	6350.15197  
7274.053124  	13016.03403  	16476.11131  	5353.568763  	6350.023356  
7280.521915  	12951.0768  	16461.51836  	5357.318668  	6343.029215  
7290.835529  	13002.47246  	16519.45778  	5361.68829  	6342.822371  
7289.269992  	12964.32244  	16489.16112  	5367.0503  	6353.52464  
7274.951263  	13020.33183  	16476.5011  	5358.94078  	6360.965703  
7265.204134  	12937.98275  	16474.73555  	5357.947605  	6345.493327  
7264.521864  	12988.09283  	16463.38388  	5343.694131  	6345.024649  
7267.297414  	12955.64416  	16420.54566  	5347.633241  	6332.471149  
7273.491302  	12959.29131  	16452.87039  	5347.117309  	6325.69886  
7268.01061  	12991.87446  	16471.69907  	5356.32087  	6330.639317  
7266.628226  	12933.73157  	16453.77707  	5352.317276  	6343.006239  
7283.370403  	12991.65362  	16485.90459  	5358.482909  	6357.935794  
7284.94933  	13006.12964  	16504.51904  	5356.38937  	6341.826856  
7296.190229  	12986.09085  	16504.65906  	5362.727589  	6359.263774  
7291.47152  	12964.94422  	16471.06424  	5351.296337  	6346.223639  
7288.191815  	12978.78205  	16500.37529  	5367.416712  	6354.406271  
7299.813852  	13011.95439  	16531.00833  	5364.87161  	6342.115861  
7313.897548  	13012.54552  	16556.89427  	5374.113773  	6363.326353  
7295.954512  	12995.47435  	16539.28904  	5354.572028  	6360.356237  
7280.016446  	12995.23646  	16538.62115  	5353.056547  	6349.733323  
7278.757053  	12914.26586  	16465.1768  	5358.416188  	6341.553687  
7270.274947  	12938.30731  	16408.38797  	5359.04153  	6337.377194  
7279.07727  	13016.95775  	16465.5272  	5346.970877  	6352.682355  
7279.656453  	12979.10341  	16442.23869  	5346.287049  	6353.871317  
7297.099638  	12977.69184  	16517.99849  	5353.22768  	6353.132026  
7265.737819  	12935.40786  	16478.08851  	5346.841799  	6336.262548  
7277.849754  	12928.09217  	16497.24427  	5357.839623  	6354.01652  
7288.306496  	12989.39581  	16488.86463  	5357.41987  	6352.994156  
7292.863856  	12997.73289  	16499.21513  	5354.232734  	6340.487775  
7275.869449  	12967.28773  	16443.67014  	5352.818478  	6337.521825  
7279.359157  	12970.76876  	16428.54623  	5353.96858  	6341.370615  
7261.410165  	12914.8014  	16394.42137  	5347.123043  	6333.646846  
7271.465438  	12982.09806  	16478.10187  	5346.879676  	6327.320626  
7254.112369  	12898.37915  	16420.80313  	5348.033203  	6330.233293  
7254.794123  	12926.79973  	16457.44687  	5354.756041  	6343.988631  
7265.360437  	12991.26145  	16471.53672  	5349.436908  	6338.06401  
7275.718886  	12983.37528  	16446.15142  	5352.787057  	6346.922152  
7274.372098  	13040.90975  	16482.74239  	5357.914267  	6337.689372  
7288.002883  	12954.47585  	16494.93186  	5368.57045  	6338.19886  
7290.600793  	13004.55201  	16506.21622  	5368.890579  	6348.037881  
7289.522046  	13015.32297  	16524.99308  	5354.531765  	6346.673463  
7271.662352  	12947.81404  	16450.8138  	5353.717168  	6344.016562  
7253.62194  	12919.48275  	16436.32672  	5350.476897  	6330.439477  
7278.949976  	12969.65445  	16445.43329  	5357.413057  	6352.034312  
7262.273775  	12951.3817  	16439.57448  	5357.556723  	6341.264899  
7270.041196  	12929.22636  	16461.98317  	5354.335741  	6337.674868  
7271.696429  	12904.37304  	16459.37831  	5369.185976  	6335.111497  
7273.862419  	12918.38494  	16486.58315  	5368.324066  	6351.917303  
7271.534228  	12946.34214  	16492.45547  	5369.40134  	6333.103449  
7278.288356  	12991.39112  	16568.63914  	5361.84436  	6347.676209  
7262.844872  	12971.60979  	16481.54658  	5350.298787  	6336.892292  
7270.226013  	12915.34764  	16408.00021  	5353.699814  	6333.998164  
7295.191176  	12946.35763  	16547.06993  	5376.511461  	6347.274758  
7295.799315  	13004.62203  	16553.4644  	5377.182253  	6340.561942  
7265.397209  	12956.11076  	16451.28686  	5346.340749  	6345.367323  
7253.287787  	12904.22525  	16439.70741  	5336.767971  	6341.863269  
7247.503824  	12946.29766  	16434.27983  	5332.785791  	6312.204569  
7250.255412  	12962.36851  	16497.75633  	5337.521696  	6319.94276  
7232.168985  	13006.78598  	16407.38375  	5331.964672  	6330.455211  
7235.410108  	12925.51649  	16390.48222  	5326.974075  	6311.328833  
7281.804981  	13007.37288  	16480.03204  	5361.628572  	6351.809857  
7280.410461  	12915.64985  	16488.94919  	5351.411182  	6341.298114  
7265.639201  	12917.43807  	16428.84854  	5357.578988  	6333.37097  
7252.724622  	12981.7265  	16423.35137  	5342.861061  	6344.178093  
7264.413328  	12936.49954  	16504.14397  	5360.019411  	6332.2247  
7249.862928  	12940.77424  	16464.35445  	5357.888715  	6332.745931  
7229.917559  	12896.55499  	16382.8454  	5318.039719  	6319.046887  
7252.212882  	12896.59336  	16397.56799  	5341.943064  	6336.829686  
7259.810052  	12954.25537  	16399.76045  	5348.858544  	6327.351954  
7240.505325  	12903.42102  	16363.36027  	5350.303966  	6320.07191  
7259.349791  	12967.88827  	16464.4253  	5351.245325  	6332.742579  
7269.12268  	12952.90603  	16551.70438  	5356.410085  	6348.017144  
7267.320543  	13011.9104  	16553.70069  	5343.937339  	6346.382152  
7285.227942  	13013.30808  	16554.49328  	5367.476712  	6355.260058  
7285.600332  	12970.76917  	16516.22541  	5372.26008  	6346.249837  
7286.181741  	12931.62149  	16481.66996  	5372.960921  	6349.806915  
7288.505193  	12953.02461  	16478.77322  	5368.824128  	6335.32921  
7265.638333  	12992.2787  	16473.81317  	5366.376808  	6342.193733  
7270.276429  	13003.38644  	16454.08057  	5359.907504  	6356.157844  
7283.13304  	12995.30372  	16487.47066  	5364.133209  	6340.075705  
7281.940144  	12993.62378  	16472.62213  	5367.43221  	6342.236645  
7267.477045  	12962.00757  	16441.96131  	5352.680957  	6328.47998  
7290.433157  	12908.08262  	16482.46155  	5363.430933  	6358.086525  
7284.596645  	12965.02741  	16495.86596  	5366.422604  	6342.644778  
7259.136573  	12980.09112  	16441.98812  	5358.48357  	6340.233513  
7273.923419  	12984.92486  	16467.46504  	5366.491042  	6343.307858  
7272.560832  	12985.51444  	16466.6241  	5350.594202  	6343.856798  
7269.197704  	12966.95263  	16471.10222  	5348.489036  	6330.089889  
7275.077178  	12972.66893  	16467.41378  	5360.505245  	6334.978247  
7273.586789  	12992.47249  	16478.28046  	5353.977418  	6334.990587  
7296.599277  	12989.45916  	16491.44399  	5373.484439  	6343.251811  
7289.927562  	13082.35503  	16545.18504  	5368.046846  	6355.009847  
7281.357632  	12974.61275  	16507.36708  	5364.70986  	6340.995624  
7295.432821  	13012.1522  	16496.9369  	5373.625294  	6366.639682  
7289.957703  	12948.70831  	16527.35905  	5369.053947  	6348.434941  
7275.619804  	13000.51396  	16463.17014  	5350.769565  	6347.886092  
7283.346316  	12965.00883  	16416.88175  	5359.451006  	6336.23694  
7277.513051  	12952.73728  	16450.31214  	5358.035519  	6340.928973  
7282.832838  	12962.23527  	16451.50171  	5356.695993  	6334.010851  
7283.565711  	12982.16186  	16454.49045  	5352.434932  	6332.878388  
7289.347841  	13006.35206  	16443.07709  	5375.747984  	6361.33185  
7300.289256  	12983.51501  	16511.24538  	5364.099312  	6364.404285  
7293.489002  	12956.28556  	16437.57197  	5360.246353  	6341.297433  
7284.323323  	13004.75729  	16433.97812  	5345.59117  	6351.341842  
7295.163107  	12982.13258  	16421.56884  	5367.748463  	6347.247206  
7296.061368  	13048.89433  	16479.00767  	5363.560745  	6354.436222  
7303.403217  	13017.6153  	16524.07361  	5363.489451  	6351.717499  
7286.967745  	13019.46461  	16498.4024  	5354.580322  	6335.783746  
7280.453061  	13024.45493  	16471.882  	5349.780973  	6348.325081  
7283.84846  	12989.39804  	16498.29603  	5354.199772  	6335.502538  
7273.7902  	12938.71758  	16495.43284  	5337.694079  	6338.729908  
7271.287426  	13023.50572  	16491.91035  	5347.636564  	6330.877478  
7266.099209  	12954.75555  	16447.26758  	5336.146523  	6340.203598  
7271.132943  	12961.73443  	16478.16766  	5350.655443  	6344.973672  
7277.346368  	12989.54946  	16479.37843  	5341.661948  	6328.878605  
7261.604203  	12924.24805  	16442.2137  	5335.662428  	6334.884404  
7271.328302  	12989.60602  	16475.96901  	5347.708093  	6344.209723  
7268.979029  	12932.72107  	16464.90242  	5345.171574  	6338.086326  
7290.998036  	13007.48762  	16496.63802  	5346.537672  	6331.525942  
7266.875903  	12937.76335  	16473.56265  	5341.409728  	6356.412926  
7265.381865  	12994.07088  	16465.71061  	5339.963758  	6336.527666  
7271.762509  	13009.12633  	16519.01316  	5349.869055  	6336.515312  
7283.824038  	12983.76298  	16518.38465  	5350.196881  	6359.267828  
7286.111981  	12981.65565  	16528.77245  	5362.677979  	6336.641903  
7292.983881  	13014.44008  	16533.74093  	5377.216128  	6348.277651  
7284.466915  	12982.30892  	16537.83924  	5377.158359  	6337.110972  
7284.39401  	12975.29138  	16511.66839  	5362.098899  	6347.35127  
7281.949522  	12995.95755  	16526.04706  	5381.17078  	6339.579831  
7270.034317  	13010.91521  	16487.452  	5366.015125  	6339.950319  
7278.47863  	12910.0422  	16547.81059  	5357.708317  	6340.199168  
7272.723803  	12961.08937  	16497.54448  	5358.009508  	6348.192591  
7288.538681  	13023.40584  	16555.14468  	5368.542083  	6342.219956  
7279.091277  	13011.96047  	16514.28784  	5348.318348  	6326.420018  
7282.345114  	13005.70341  	16549.52325  	5352.982758  	6333.345209  
7276.109729  	13001.59525  	16512.10287  	5367.857326  	6332.69338  
7279.116481  	12898.8881  	16473.92546  	5360.930173  	6352.777247  
7262.722583  	12937.7929  	16469.30965  	5348.021098  	6352.869572  
7272.698779  	12961.83771  	16492.23716  	5361.44941  	6350.159056  
7266.93502  	12935.31584  	16489.57245  	5335.646094  	6349.946205  
7282.519549  	12946.06582  	16448.79962  	5338.662481  	6337.136447  
7284.59622  	12992.14325  	16540.22905  	5363.705958  	6353.487781  
7278.249039  	12941.53362  	16490.64102  	5345.047982  	6343.669639  
7271.974836  	12906.99441  	16517.05846  	5350.365732  	6338.296842  
7273.610583  	13003.90242  	16536.99283  	5351.341337  	6356.2309  
7275.540789  	12978.0819  	16528.90505  	5350.511827  	6345.322281  
7278.13922  	13000.21923  	16503.16557  	5362.952736  	6351.895029  
7278.887159  	13031.58602  	16485.43077  	5357.378841  	6346.999503  
7287.479897  	12951.81927  	16545.46363  	5362.345835  	6353.323167  
7290.35344  	12994.27554  	16541.43731  	5375.952535  	6349.965555  
7295.089528  	12976.73357  	16514.52382  	5363.333062  	6341.216779  
7284.624648  	12973.15473  	16506.7712  	5363.002685  	6342.463331  
7284.517807  	12980.4061  	16487.79709  	5362.907848  	6353.066723  
7281.692049  	12940.39585  	16464.68797  	5363.75513  	6343.169132  
7284.459105  	12933.28251  	16441.61384  	5352.306506  	6341.562675  
7276.91185  	12954.36183  	16413.30506  	5355.162799  	6348.618089  
7288.176856  	12953.93004  	16441.43741  	5365.794518  	6368.244222  
7292.694608  	12949.83235  	16486.44177  	5363.407302  	6358.688061  
7274.321094  	12951.49218  	16499.55718  	5361.211947  	6343.163125  
7277.722673  	12965.95014  	16446.79973  	5363.488639  	6351.676164  
7290.343593  	12945.32107  	16459.49255  	5349.41485  	6344.71579  
7286.165301  	12947.7771  	16484.43812  	5360.037305  	6344.446304  
7280.980853  	13012.89251  	16469.96296  	5356.668794  	6339.802463  
7293.466028  	12943.88683  	16546.94102  	5371.131112  	6356.296812  
7307.865929  	12964.19851  	16521.61203  	5390.003075  	6360.306939  
7299.163271  	13014.90992  	16532.7309  	5374.170816  	6355.234707  
7292.78135  	12956.96023  	16511.32102  	5372.937508  	6357.013187  
7282.521208  	12906.4954  	16505.68469  	5369.656487  	6360.982353  
7286.131325  	12973.55317  	16503.00529  	5375.187073  	6353.828146  
7305.663953  	13001.1474  	16565.67143  	5371.898829  	6352.251519  
7249.816321  	12932.77749  	16434.7306  	5343.908443  	6322.293336  
7263.501343  	13003.42718  	16509.18316  	5348.072142  	6331.648416  
7263.425967  	12992.24995  	16491.70904  	5345.395404  	6332.850459  
7258.077824  	12902.96551  	16483.71182  	5352.992917  	6334.21299  
7258.404567  	12972.87271  	16500.3196  	5340.604778  	6337.994752  
7261.289365  	12983.95241  	16468.93374  	5343.754962  	6340.63752  
7259.499216  	12988.87799  	16464.92187  	5345.628912  	6338.149025  
7268.241652  	12996.35809  	16532.53773  	5352.43119  	6337.308102  
7270.517533  	12969.68926  	16474.18314  	5346.087707  	6341.889923  
7269.934129  	12945.55909  	16475.33797  	5367.445323  	6347.187572  
7296.657208  	13011.3217  	16516.7966  	5375.211651  	6354.714533  
7276.771147  	12993.05948  	16543.49669  	5362.631784  	6347.364155  
7270.856195  	12973.12927  	16471.47589  	5351.22457  	6347.539174  
7276.88919  	12931.24985  	16486.3119  	5346.308623  	6349.232642  
7267.721036  	12996.08923  	16482.2356  	5359.563096  	6349.42243  
7286.199037  	12980.79801  	16523.43891  	5365.142285  	6358.647744  
7287.0571  	12944.42208  	16526.96669  	5372.205333  	6350.933319  
7297.081709  	13004.39418  	16574.9485  	5367.372584  	6364.83277  
7281.497114  	12975.32382  	16515.50636  	5365.718109  	6348.346939  
7278.935576  	12978.26181  	16510.51438  	5365.535787  	6360.354974  
7282.158058  	12981.74429  	16532.02448  	5375.543369  	6350.419798  
7288.704554  	13025.94096  	16502.02002  	5370.16642  	6363.562892  
7294.401079  	13050.58128  	16580.66602  	5361.350596  	6363.725505  
7285.120926  	12949.43616  	16500.96421  	5362.969849  	6355.3783  
7283.264485  	13004.63183  	16508.89652  	5351.990901  	6338.25368  
7285.127253  	12984.26867  	16533.05054  	5361.551898  	6354.644528  
7267.810313  	12934.46014  	16467.88872  	5348.879332  	6324.780382  
7266.362893  	12930.13013  	16468.00786  	5357.605678  	6351.39898  
7276.668449  	12964.48488  	16524.22186  	5344.467879  	6349.597792  
7269.353144  	12961.50849  	16518.01923  	5348.033681  	6342.351008  
7279.103107  	13007.91694  	16497.20228  	5358.20838  	6336.94637  
7279.008648  	13010.44035  	16536.97188  	5359.792407  	6347.241663  
7287.684771  	12984.92943  	16518.83367  	5350.627454  	6345.153414  
7288.030623  	13028.30168  	16517.89387  	5361.83287  	6350.638208  
7283.581048  	12982.9685  	16502.57506  	5346.112233  	6355.285804  
7293.039993  	13026.41601  	16541.79214  	5365.678791  	6355.523344  
7288.468485  	13065.95089  	16538.91443  	5365.147421  	6338.319484  
7283.535721  	12948.65996  	16521.5044  	5351.664912  	6354.70449  
7279.408792  	13006.2117  	16503.25361  	5348.696105  	6341.093566  
7287.899664  	13008.30026  	16512.1549  	5359.149508  	6330.742344  
7284.065638  	12984.50424  	16514.22891  	5361.766026  	6350.81898  
7266.12434  	12962.31985  	16461.34015  	5361.002305  	6352.17139  
7277.413422  	12965.68354  	16489.42236  	5364.500499  	6352.123978  
7276.127761  	12968.85649  	16505.10263  	5354.88034  	6339.340401  
7257.191206  	12951.79205  	16491.86589  	5366.571145  	6336.311249  
7274.291548  	12974.6745  	16532.96169  	5369.988748  	6338.027401  
7279.751496  	12992.31583  	16510.66615  	5374.256247  	6349.621067  
7276.2077  	12926.43618  	16479.50099  	5358.30322  	6348.582866  
7272.93848  	12945.24356  	16538.62067  	5357.558138  	6338.792182  
7273.926913  	12943.92094  	16517.78908  	5354.229201  	6341.452374  
7265.997719  	12937.71701  	16484.04654  	5356.638345  	6329.364421  
7270.346604  	12986.38407  	16518.94031  	5356.12313  	6349.982229  
7278.574367  	12958.84201  	16504.35191  	5360.870213  	6339.680887  
7278.997038  	12964.28545  	16499.92835  	5355.709388  	6356.389859  
7282.621588  	12931.53984  	16524.39634  	5358.510916  	6355.216637  
7288.223952  	13021.40501  	16494.08088  	5352.145416  	6346.338656  
7282.23671  	12959.38967  	16521.65003  	5352.799477  	6339.057934  
7280.27527  	13030.38775  	16498.72388  	5352.654567  	6340.538384  
7253.203938  	12913.8133  	16436.11254  	5337.915762  	6329.351156  
7258.087287  	12971.03381  	16434.45221  	5332.287455  	6322.444658  
7257.62974  	12940.03159  	16458.92164  	5330.910394  	6335.601273  
7260.319633  	12971.07907  	16457.65451  	5342.478393  	6337.503961  
7271.119704  	12971.69157  	16482.99609  	5351.064175  	6338.81108  
7273.386513  	12953.32573  	16487.79867  	5353.236141  	6341.575596  
7273.531371  	12931.63804  	16441.09809  	5355.42267  	6348.561445  
7269.916377  	12937.51772  	16469.52275  	5352.106453  	6337.68265  
7282.087372  	12934.78428  	16496.30109  	5354.545749  	6345.545045  
7276.118727  	12997.70521  	16463.85435  	5356.708129  	6335.834144  
7269.90841  	13011.99918  	16485.26249  	5358.20353  	6334.561044  
7274.390967  	12927.8272  	16475.03122  	5347.23383  	6342.803316  
7282.995514  	12921.76745  	16480.46139  	5370.658672  	6359.814742  
7281.820858  	12898.73372  	16470.97344  	5356.469672  	6336.158483  
7266.020348  	12990.46902  	16455.30077  	5348.850058  	6334.074378  
7247.554852  	12892.82138  	16441.51254  	5329.533609  	6322.036383  
7244.064011  	12966.18786  	16396.22092  	5346.682496  	6340.937102  
7250.965696  	12912.21296  	16420.38408  	5348.249551  	6332.040883  
7268.806726  	12946.17773  	16446.17865  	5348.170034  	6320.218578  
7261.149701  	12976.22141  	16482.65678  	5351.265788  	6325.369038  
7272.430668  	12923.80551  	16458.39944  	5359.453069  	6331.366636  
7273.026985  	12989.80142  	16431.76662  	5352.028672  	6347.61354  
7264.150524  	12954.2778  	16448.67116  	5342.941791  	6335.184908  
7267.381957  	12939.78538  	16426.93335  	5357.375546  	6350.153411  
7279.262428  	12936.12112  	16423.03875  	5354.844581  	6342.983543  
7283.823133  	12958.24508  	16452.35557  	5349.877326  	6329.401509  
7269.172141  	12992.48698  	16454.16221  	5330.577004  	6337.978175  
7266.338853  	12950.25902  	16444.19507  	5351.119349  	6337.458475  
7263.360115  	12898.52597  	16428.02465  	5350.073983  	6339.946795  
7269.711842  	12919.04733  	16426.51666  	5348.936108  	6341.459259  
7264.939488  	12941.00018  	16441.05914  	5344.926495  	6335.135625  
7257.528098  	12913.67998  	16444.20672  	5349.164774  	6340.084886  
7261.569832  	12994.61916  	16484.35087  	5343.565514  	6348.161847  
7258.809455  	12928.64304  	16453.14421  	5341.189116  	6331.298503  
7269.464016  	13003.13536  	16467.30516  	5353.102308  	6335.50532  
7287.78543  	12976.41945  	16500.77716  	5362.281661  	6342.419205  
7291.485494  	12977.45702  	16448.25294  	5365.86755  	6328.308232  
7280.746195  	12998.15077  	16445.48455  	5350.931283  	6354.441801  
7284.501999  	12998.4365  	16487.41896  	5366.984802  	6358.528902  
7270.778799  	12930.1146  	16473.0086  	5358.652157  	6363.717647  
7277.585186  	12924.66727  	16507.75906  	5351.2851  	6356.146099  
7301.651299  	12993.57433  	16552.66847  	5371.193393  	6353.415913  
7304.759073  	13011.48464  	16535.76199  	5366.130469  	6355.130624  
7297.565789  	12977.4153  	16552.35338  	5362.552332  	6353.84048  
7303.778098  	13039.55754  	16571.32556  	5367.98419  	6341.894673  
7295.819522  	13051.91145  	16553.55938  	5362.64996  	6345.304639  
7300.62352  	13018.38652  	16545.50786  	5363.021469  	6356.676245  
7271.31036  	13026.13552  	16508.03176  	5349.26573  	6330.950439  
7291.074939  	13016.17877  	16491.5278  	5363.075959  	6354.523422  
7291.77105  	12965.21251  	16506.1827  	5358.297863  	6355.207728  
7284.074818  	13003.16824  	16504.64664  	5361.644736  	6343.587824  
7287.832266  	13004.05692  	16552.91429  	5366.682728  	6348.521936  
7272.543344  	12997.51212  	16526.69624  	5344.940775  	6334.82584  
7267.771789  	12933.09662  	16430.16305  	5356.364572  	6340.223663  
7290.537521  	13009.29693  	16543.11938  	5357.410037  	6345.258735  
7278.97538  	12977.09528  	16518.08176  	5354.216967  	6343.908896  
7288.531378  	13050.98207  	16555.23586  	5358.378442  	6363.694029  
7279.081278  	12974.1185  	16483.89503  	5363.024072  	6345.117121  
7305.394851  	12993.82623  	16581.17907  	5372.239811  	6355.305106  
7300.16306  	13022.74898  	16504.62377  	5371.936218  	6340.137294  
7300.429309  	13016.16353  	16494.30088  	5363.537905  	6351.555782  
7279.57046  	12972.59868  	16488.42364  	5365.24803  	6353.892192  
7251.030933  	12983.0784  	16474.66674  	5334.745611  	6337.565641  
7244.196502  	12922.73195  	16439.28622  	5327.59091  	6349.604863  
7232.677575  	12935.56764  	16447.75001  	5330.736897  	6334.919819  
7261.616339  	12881.38901  	16481.02441  	5348.614396  	6339.248183  
7269.738117  	12966.46964  	16461.14145  	5353.237735  	6338.456049  
7263.795045  	12963.0789  	16472.51145  	5348.978086  	6308.174555  
7265.945451  	12952.20844  	16475.43591  	5345.13695  	6348.381932  
7270.960641  	12931.78888  	16430.72776  	5357.546423  	6348.102201  
7282.559918  	12949.60591  	16491.41408  	5366.407579  	6347.498213  
7273.760758  	12950.25292  	16496.64506  	5369.65985  	6335.479652  
7278.021671  	12862.52091  	16426.4327  	5377.920532  	6335.849866  
