7720.096062  	9236.050403  	15424.73343  	3680.831032  	4564.360535  
7723.745493  	9171.125765  	15420.13144  	3684.330499  	4546.357538  
7711.644008  	9239.159735  	15416.10688  	3670.43464  	4543.686389  
7707.47625  	9027.321087  	15406.08493  	3676.324449  	4537.738046  
7739.211549  	8814.769349  	15345.7051  	3676.425448  	4552.889522  
7725.252908  	9079.597395  	15375.05415  	3693.860338  	4549.338757  
7722.016441  	9248.483844  	15380.39657  	3689.540726  	4554.136645  
7706.4468  	9048.733809  	15368.81224  	3677.136662  	4540.231055  
7708.830757  	9042.625476  	15363.8737  	3676.485118  	4557.609042  
7723.604544  	9135.69519  	15452.20948  	3676.699718  	4534.165053  
7723.56072  	9038.054683  	15344.99216  	3676.166276  	4545.549151  
7718.968032  	8926.339762  	15345.71243  	3678.999562  	4522.154108  
7719.91975  	9175.389394  	15395.93712  	3672.926403  	4552.714836  
7732.142802  	9113.156262  	15425.33023  	3691.984163  	4554.915704  
7725.486371  	9040.334343  	15418.31628  	3678.387354  	4531.512435  
7708.501974  	9039.141838  	15376.93554  	3681.150912  	4535.908826  
7717.057571  	8965.362312  	15382.36807  	3676.240037  	4536.534644  
7718.147243  	9054.356263  	15405.61747  	3675.745869  	4540.739959  
7714.089613  	8998.715556  	15393.51959  	3685.083848  	4562.10275  
7712.008848  	8958.293813  	15375.24563  	3659.990903  	4522.86381  
7728.254774  	9184.637596  	15378.36958  	3690.284053  	4557.664869  
7712.138827  	9179.709361  	15341.15381  	3667.172941  	4535.445052  
7710.766324  	8991.181426  	15360.76949  	3676.443138  	4555.733111  
7700.014142  	9087.13848  	15290.69919  	3671.28035  	4542.141577  
7711.31383  	9046.005966  	15336.91644  	3666.122858  	4541.161508  
7745.980031  	9109.933574  	15409.83871  	3690.914394  	4563.845069  
7739.638558  	9338.809241  	15421.94946  	3683.499775  	4545.016329  
7712.62474  	9171.915283  	15378.39188  	3682.153613  	4542.388512  
7723.173678  	9157.817709  	15409.88954  	3672.400793  	4536.524628  
7699.318413  	9122.820136  	15391.80436  	3671.772674  	4540.932387  
7716.351744  	9141.454463  	15396.70353  	3673.282348  	4536.032139  
7738.460694  	9214.277095  	15454.69808  	3691.435578  	4538.364915  
7735.985879  	9122.502205  	15473.09851  	3669.577096  	4538.23033  
7724.665739  	9215.167911  	15467.46918  	3691.210103  	4540.973567  
7721.265077  	9175.875346  	15441.64243  	3694.91411  	4563.60714  
7709.804904  	9127.472883  	15401.7017  	3687.389244  	4525.397401  
7701.892133  	9171.203611  	15410.64371  	3665.814359  	4546.716595  
7726.318863  	9191.651489  	15450.39471  	3678.319641  	4549.787494  
7705.565864  	8936.517665  	15337.84371  	3670.416456  	4530.734426  
7717.536487  	9107.57729  	15358.82616  	3674.243081  	4545.013242  
7716.361847  	9019.238558  	15394.28275  	3681.201121  	4550.350306  
7721.900031  	9216.130613  	15429.81286  	3674.95697  	4538.313336  
7735.332751  	9232.570288  	15529.53127  	3690.504329  	4544.440262  
7673.383676  	9150.247997  	15428.55041  	3671.579283  	4533.654876  
7720.404817  	9162.154489  	15430.79662  	3689.306209  	4546.021305  
7732.8265  	9139.062418  	15469.31651  	3678.366914  	4552.812288  
7711.42501  	8923.780221  	15440.41439  	3687.312978  	4547.068554  
7728.102888  	8995.714759  	15418.66038  	3688.912042  	4545.611831  
7723.482185  	8971.464851  	15378.05133  	3680.573165  	4548.510463  
7712.853823  	8975.437091  	15396.13594  	3666.945604  	4520.318387  
7730.926646  	9069.539967  	15464.46372  	3699.142712  	4544.622314  
7738.437506  	9101.847036  	15444.87572  	3689.552353  	4541.380391  
7719.829788  	9058.563051  	15391.21708  	3684.991231  	4534.711435  
7732.504915  	9064.12215  	15426.03212  	3693.761459  	4549.42439  
7722.440666  	9052.384631  	15347.50732  	3671.468308  	4542.302243  
7722.527856  	9226.118049  	15411.10558  	3676.006904  	4543.050257  
7727.294709  	9218.249544  	15410.08151  	3681.6421  	4542.707863  
7743.771979  	9197.803561  	15442.47656  	3686.082653  	4541.661356  
7731.160003  	9184.439221  	15454.41768  	3686.270217  	4566.672782  
7737.856803  	9179.353284  	15467.25907  	3691.982448  	4564.255612  
7724.952922  	9182.32813  	15437.5328  	3691.304478  	4557.727724  
7724.923739  	9096.981612  	15390.76179  	3681.853964  	4551.667212  
7718.59943  	9129.956271  	15307.967  	3677.954979  	4549.692835  
7711.982828  	9101.307774  	15307.12418  	3677.939019  	4541.545986  
7733.129115  	9200.779372  	15444.15795  	3688.447251  	4556.54138  
7736.522916  	9083.087275  	15443.34656  	3675.700574  	4552.739017  
7719.559948  	9131.453745  	15405.76952  	3684.674395  	4548.734761  
7722.32311  	9064.627633  	15372.26722  	3680.919204  	4545.563764  
7709.940997  	9061.168465  	15366.52564  	3672.821713  	4547.590686  
7713.77558  	9096.968289  	15287.70832  	3678.036277  	4553.888321  
7717.348273  	9133.639661  	15394.15345  	3681.761596  	4540.574335  
7750.993324  	9035.15627  	15452.81057  	3682.39437  	4546.922424  
7735.275215  	9119.777568  	15390.75204  	3677.075917  	4537.353409  
7725.021997  	9264.081772  	15459.85286  	3682.94067  	4546.246627  
7714.890454  	9047.566182  	15323.62812  	3670.097285  	4527.743092  
7697.802097  	9102.496784  	15382.15264  	3680.885569  	4532.72317  
7702.740745  	9031.382025  	15358.28128  	3672.612571  	4532.962681  
7750.110148  	9146.467537  	15449.87123  	3686.463308  	4541.533384  
7741.105306  	9156.720551  	15510.1143  	3707.068618  	4554.347842  
7726.830057  	9020.352412  	15368.82556  	3684.567152  	4563.978161  
7708.795372  	9268.376624  	15370.76069  	3683.889733  	4555.887896  
7715.617205  	9077.182298  	15383.9973  	3679.658013  	4560.147554  
7711.941966  	9170.989303  	15343.4891  	3674.967929  	4548.95199  
7730.363939  	9070.773163  	15367.80832  	3700.767146  	4544.03083  
7733.43774  	9070.968304  	15413.8579  	3691.987496  	4557.345278  
7726.159862  	9024.842248  	15373.65693  	3687.886504  	4543.538392  
7708.329575  	9173.392254  	15379.63386  	3676.506025  	4536.58319  
7713.245283  	9153.893846  	15425.29454  	3661.944996  	4514.089306  
7726.416278  	9220.651347  	15549.44815  	3672.818206  	4549.299062  
7724.799997  	9099.934573  	15448.54333  	3691.137577  	4539.243374  
7726.966554  	9084.633909  	15433.9449  	3674.650561  	4533.572058  
7739.315212  	9079.604953  	15426.98438  	3685.077255  	4545.267055  
7731.268211  	9148.077285  	15448.86313  	3665.984131  	4534.441965  
7715.759654  	9232.570332  	15447.28279  	3674.36723  	4541.198088  
7709.008737  	9250.148114  	15365.45334  	3689.710657  	4548.810711  
7717.424944  	9037.601376  	15361.73702  	3675.928478  	4567.04039  
7706.492914  	8959.956102  	15325.79626  	3680.877925  	4536.533196  
7692.453317  	9132.567141  	15363.34706  	3666.332814  	4556.987761  
7712.493439  	9037.58821  	15313.99396  	3674.288074  	4527.353785  
7710.734366  	8977.349547  	15390.56787  	3657.743899  	4533.428369  
7738.594241  	8960.706952  	15374.69891  	3679.394075  	4568.596975  
7733.276  	8985.106186  	15317.63143  	3692.881152  	4549.043251  
7703.739638  	8826.067164  	15296.24812  	3675.155641  	4560.312227  
7712.59128  	9069.205977  	15409.89216  	3682.092067  	4550.634818  
7709.784864  	9076.337198  	15342.76861  	3681.637238  	4546.219086  
7745.400096  	9027.021283  	15419.94569  	3687.142827  	4562.323265  
7741.04067  	8913.905443  	15350.53603  	3686.722473  	4554.710178  
7719.578852  	9051.061837  	15391.39286  	3674.246689  	4548.656456  
7725.002018  	9166.790739  	15418.96881  	3683.144652  	4535.910883  
7711.42404  	9139.027663  	15402.22783  	3691.24105  	4538.893092  
7722.27331  	9186.511781  	15441.19928  	3679.058968  	4542.237217  
7725.178042  	9048.838048  	15348.36459  	3679.125255  	4533.034763  
7724.082487  	9058.568282  	15436.30829  	3676.833321  	4539.798685  
7730.308329  	8958.936521  	15384.23631  	3682.727107  	4558.864091  
7732.520544  	9186.389384  	15455.89888  	3679.670642  	4538.665047  
7715.265842  	8996.863045  	15370.29493  	3680.947311  	4551.929581  
7703.796943  	9247.514501  	15334.65492  	3663.291501  	4527.349328  
7718.225954  	9222.444647  	15448.36373  	3678.437229  	4550.499045  
7703.351449  	9260.491921  	15375.28399  	3671.023376  	4565.229301  
7681.642235  	9272.340036  	15339.96631  	3670.493204  	4530.453206  
7688.299887  	9052.561513  	15381.75378  	3665.253195  	4542.135732  
7716.698086  	9370.039314  	15470.07473  	3666.849568  	4536.244635  
7703.187858  	9048.058499  	15404.86946  	3672.615492  	4535.734529  
7710.765787  	9154.893896  	15377.49456  	3667.863575  	4517.650305  
7703.675172  	9189.867013  	15399.48121  	3684.850188  	4544.585538  
7719.114182  	9064.64847  	15336.93207  	3678.169873  	4539.125533  
7726.868055  	9015.57736  	15430.84416  	3680.135377  	4557.223479  
7730.332197  	9083.646841  	15472.77914  	3687.979198  	4562.745774  
7741.65873  	9113.032929  	15470.60478  	3684.932781  	4541.336727  
7719.677432  	9077.933115  	15448.93833  	3697.551668  	4539.809537  
7710.311063  	8980.064172  	15374.1621  	3678.238746  	4532.335806  
7692.468698  	9179.103154  	15383.27703  	3668.299541  	4539.323357  
7703.149837  	9104.427418  	15375.47546  	3667.787051  	4527.802353  
7704.639723  	9153.247905  	15350.55301  	3684.698392  	4544.712078  
7684.340702  	9060.66549  	15311.19464  	3671.236899  	4559.830367  
7704.217479  	9110.34226  	15340.2612  	3665.132712  	4541.341185  
7719.338088  	9169.631539  	15437.71493  	3680.803315  	4547.899627  
7686.628234  	9127.503189  	15336.22544  	3669.807274  	4521.615968  
7687.111993  	8999.511146  	15336.23549  	3655.669837  	4524.438834  
7689.458622  	9097.736595  	15305.79266  	3660.481455  	4532.348363  
7709.466231  	9089.372417  	15296.83538  	3675.811794  	4567.116164  
7721.517778  	9028.74725  	15368.13522  	3681.106721  	4537.388113  
7708.111862  	9094.896213  	15412.25486  	3677.222769  	4544.085204  
7693.144122  	9176.467166  	15433.23205  	3677.194442  	4536.79549  
7682.71221  	9200.250416  	15429.78592  	3676.014337  	4514.17225  
7710.834541  	9202.552777  	15409.80059  	3659.863052  	4519.508158  
7695.206871  	9259.43114  	15416.13717  	3667.405405  	4528.607178  
7699.933351  	9122.718538  	15447.81609  	3657.115665  	4536.410204  
7729.437703  	9181.729417  	15463.04109  	3665.179536  	4533.446618  
7727.521449  	8891.564503  	15335.6644  	3677.091456  	4545.617376  
7740.425197  	9191.928624  	15383.73032  	3688.305796  	4552.410846  
7748.325806  	9019.070298  	15427.98226  	3694.652697  	4558.262136  
7732.981834  	9309.668253  	15435.74268  	3686.384371  	4517.599882  
7729.212006  	9176.553547  	15451.46981  	3678.180781  	4535.883946  
7727.844327  	9031.620232  	15384.39273  	3679.567348  	4544.419878  
7742.641899  	9024.854128  	15330.72582  	3701.343992  	4552.434935  
7720.516919  	9108.650602  	15409.12041  	3689.084344  	4546.11918  
7696.867102  	9039.897605  	15391.89207  	3673.06558  	4546.172766  
7698.465271  	9107.424003  	15421.01805  	3673.975432  	4547.605523  
7714.354442  	9137.734542  	15476.53178  	3666.58605  	4538.052309  
7714.686482  	9060.486301  	15407.55009  	3669.421301  	4544.467151  
7721.083436  	9098.551636  	15359.21068  	3676.330429  	4537.876038  
7709.28621  	9040.234074  	15299.84502  	3680.476753  	4546.737841  
7705.751619  	9096.756534  	15317.29704  	3670.86469  	4537.694624  
7716.262494  	9027.667722  	15328.17894  	3683.120483  	4540.199489  
7716.681488  	8937.709111  	15313.94588  	3673.029  	4546.294562  
7741.621828  	9056.012272  	15396.94459  	3676.015962  	4543.62906  
7733.477216  	9025.798422  	15415.36086  	3679.114275  	4523.687881  
7723.309535  	9115.022558  	15447.03186  	3683.630849  	4541.796771  
7734.936972  	9214.932814  	15459.87741  	3683.405558  	4531.298697  
7713.601893  	9134.302914  	15432.7183  	3678.508574  	4553.540551  
7737.863313  	8868.289444  	15372.25331  	3681.932732  	4533.889373  
7781.046661  	8978.042216  	15456.35455  	3695.553439  	4555.247143  
7751.248998  	9021.948324  	15427.17486  	3687.20324  	4542.939042  
7705.738444  	9182.480862  	15424.65004  	3682.750199  	4542.880573  
7698.639286  	9179.887648  	15371.67446  	3679.80198  	4551.894842  
7674.598883  	9131.338513  	15318.24598  	3664.164817  	4536.434117  
7683.825999  	9341.651375  	15379.74199  	3674.138671  	4542.167857  
7677.075675  	9017.425535  	15325.18154  	3662.280952  	4536.884188  
7725.055375  	8876.893821  	15355.2246  	3687.535509  	4547.864104  
7743.263222  	9091.689657  	15442.70444  	3687.415155  	4552.101992  
7721.445632  	8966.937007  	15367.30274  	3663.684712  	4544.837761  
7714.290895  	8958.044057  	15367.22096  	3680.322629  	4529.460228  
7716.688792  	9074.640174  	15399.9864  	3683.677711  	4544.270939  
7714.382339  	9125.173554  	15321.64691  	3672.002055  	4534.231361  
7701.76868  	8977.596032  	15367.2346  	3683.20596  	4527.590918  
7714.058267  	9179.290074  	15415.33473  	3683.505281  	4534.909171  
7700.790504  	9250.106371  	15423.58358  	3676.364754  	4546.855449  
7708.248657  	9103.155684  	15405.19673  	3679.048797  	4539.9905  
7686.768607  	8960.233486  	15306.78862  	3679.873062  	4543.269239  
7689.580584  	9200.25711  	15350.20638  	3668.784245  	4535.022514  
7699.754419  	9042.07819  	15341.61278  	3674.427183  	4539.960701  
7702.453369  	9062.348294  	15325.44073  	3681.131465  	4537.827201  
7672.36741  	8912.589729  	15267.02334  	3653.655983  	4538.986426  
7719.930498  	9043.383052  	15323.45789  	3668.206659  	4544.547757  
7743.377562  	8922.5881  	15412.40794  	3685.542045  	4559.205512  
7750.114682  	8998.793539  	15411.05186  	3695.103644  	4547.136252  
7738.091617  	9165.451675  	15419.98219  	3683.405907  	4548.155209  
7728.509243  	9005.490645  	15365.27083  	3683.05777  	4559.704136  
7714.199337  	9217.235633  	15414.73066  	3685.250611  	4532.62709  
7731.154914  	9133.879958  	15453.35061  	3679.538489  	4536.361749  
7716.377829  	9163.032418  	15438.555  	3690.814881  	4562.056796  
7705.140182  	9123.393961  	15416.40399  	3671.863746  	4557.071034  
7719.910394  	8960.762743  	15398.1421  	3690.650155  	4552.179041  
7699.677605  	9104.870536  	15373.81852  	3682.435892  	4551.192487  
7726.323407  	8999.874955  	15436.52122  	3674.56374  	4560.453102  
7750.206943  	9148.409877  	15430.58858  	3697.872404  	4560.649548  
7765.385433  	9107.384723  	15471.23884  	3697.277573  	4566.525243  
7746.057264  	8994.893313  	15403.2069  	3696.24016  	4555.261883  
7742.661813  	9214.511552  	15421.06333  	3693.111338  	4556.084323  
7734.503388  	9044.426668  	15462.02813  	3691.430476  	4570.943418  
7744.768147  	9258.553599  	15484.85621  	3693.256781  	4545.631373  
7751.712198  	9171.973443  	15488.21408  	3671.871839  	4549.467502  
7750.657278  	9191.263493  	15485.12264  	3687.706918  	4554.875179  
7737.877913  	9082.574139  	15450.16346  	3666.730395  	4536.688043  
7734.919206  	9005.106841  	15455.48308  	3675.194083  	4541.294584  
7751.935547  	9136.926185  	15450.91602  	3674.834509  	4537.913797  
7752.308146  	8950.007394  	15357.64163  	3677.43936  	4546.044202  
7759.450997  	8978.406644  	15460.5178  	3699.765797  	4558.164854  
7766.0156  	9358.30888  	15527.57766  	3696.888996  	4557.652308  
7752.758173  	9016.060325  	15455.72306  	3697.376512  	4546.36183  
7735.720351  	9160.535458  	15437.85387  	3687.017727  	4550.082171  
7727.533223  	9130.324266  	15410.27673  	3680.750774  	4543.853329  
7731.985113  	8911.08671  	15289.27451  	3685.046825  	4563.56969  
7725.175802  	9007.390356  	15377.21874  	3682.902991  	4551.544075  
7742.67704  	8950.264546  	15405.4122  	3695.197228  	4548.049478  
7778.095317  	8896.338364  	15476.37719  	3704.195352  	4563.886854  
7778.012847  	9272.13715  	15508.67672  	3698.264061  	4563.375521  
7757.403891  	8990.923412  	15388.45054  	3698.96649  	4553.167574  
7767.408411  	9312.491829  	15447.89629  	3694.644913  	4548.717862  
7718.727888  	9135.559932  	15390.07959  	3671.946191  	4546.06505  
7683.597677  	8998.543497  	15350.96271  	3663.257882  	4534.795293  
7706.666324  	8967.781125  	15370.60149  	3663.144773  	4537.275104  
7733.885237  	9204.973932  	15466.15204  	3681.480464  	4541.107139  
7722.413872  	9134.490416  	15356.62001  	3677.119923  	4551.397484  
7707.287849  	9048.099829  	15385.10697  	3687.803432  	4560.204483  
7678.973183  	9075.954039  	15282.38943  	3670.948289  	4553.752138  
7700.286038  	9093.569909  	15327.59089  	3679.731855  	4534.521572  
7714.649166  	8948.923671  	15404.65333  	3674.880183  	4548.407001  
7749.268243  	8981.912426  	15372.36855  	3694.323666  	4552.153427  
7765.849697  	8949.309682  	15481.36324  	3696.935625  	4559.86137  
7752.929652  	9289.320803  	15512.64226  	3690.412209  	4546.398819  
7757.585326  	9252.680338  	15477.93789  	3681.519758  	4538.956832  
7734.061335  	9006.80551  	15376.48886  	3697.879825  	4554.816504  
7710.658962  	9266.478755  	15450.43658  	3689.272342  	4535.094183  
7701.646438  	9208.401467  	15408.10693  	3678.865457  	4545.494178  
7721.791793  	9055.636248  	15396.15472  	3678.484427  	4549.738788  
7703.528881  	9058.352845  	15334.14178  	3665.597913  	4531.605728  
7695.928971  	9348.631851  	15456.62899  	3673.059769  	4539.401128  
7728.971499  	9032.68454  	15406.23734  	3679.382841  	4539.730855  
7744.272677  	9001.372456  	15453.8412  	3688.03599  	4542.519919  
7744.331029  	9207.601582  	15418.74158  	3700.307282  	4565.87897  
7719.429539  	9195.884838  	15365.1161  	3677.496578  	4553.099379  
7755.044358  	8983.637952  	15435.94474  	3690.480557  	4540.780386  
7721.75158  	9102.087911  	15392.55322  	3679.455434  	4541.358135  
7708.701131  	9325.214263  	15425.26368  	3665.425101  	4542.730505  
7747.125503  	8990.259801  	15372.88312  	3687.228544  	4557.213124  
7718.073431  	8965.923955  	15312.20323  	3678.522443  	4556.14064  
7712.083835  	9108.073013  	15388.21989  	3689.211039  	4561.882718  
7736.578295  	9032.230962  	15356.37236  	3693.037979  	4557.275627  
7752.687137  	9121.762745  	15455.53854  	3687.784245  	4563.202717  
7727.095937  	9042.695148  	15347.49133  	3680.712832  	4534.657578  
7709.720034  	9077.549732  	15373.55519  	3682.630273  	4538.649854  
7704.122798  	9175.235509  	15464.38348  	3673.863703  	4539.434774  
7711.88346  	9164.61707  	15449.11291  	3674.738564  	4535.372268  
7692.861407  	9132.794498  	15398.22297  	3669.933613  	4545.013921  
7689.034736  	9158.165186  	15359.27811  	3672.799302  	4536.015107  
7687.832996  	9180.145976  	15292.34189  	3659.274113  	4538.963917  
7693.409631  	9299.956665  	15465.5713  	3660.74246  	4524.737205  
7696.544898  	9020.750384  	15393.23036  	3668.338438  	4534.294174  
7690.608003  	9317.568484  	15424.62869  	3671.607395  	4541.403854  
7704.060348  	9104.96589  	15357.53517  	3663.944102  	4524.299809  
7707.995215  	9222.008087  	15399.84949  	3673.123791  	4533.147163  
7745.0013  	9128.612658  	15423.21377  	3682.187469  	4534.34997  
7708.194404  	9275.912842  	15444.33086  	3669.813986  	4551.384277  
7689.547682  	9013.441536  	15315.91123  	3670.164634  	4538.083397  
7695.838019  	9201.612068  	15333.07546  	3658.794112  	4536.817057  
7694.206273  	9159.073598  	15431.8192  	3668.132682  	4531.597668  
7702.197148  	8813.236047  	15308.68668  	3662.912777  	4543.180748  
7670.851172  	9019.567403  	15356.87429  	3663.7845  	4529.528093  
7718.735847  	8813.098561  	15297.65741  	3678.802824  	4555.147089  
7748.650149  	8856.270346  	15317.83167  	3701.044253  	4579.049838  
7769.290917  	9030.883415  	15415.57125  	3705.437539  	4564.75408  
7728.621231  	8831.158181  	15297.98344  	3704.260365  	4553.669541  
7732.948019  	9100.614592  	15402.20591  	3686.108636  	4542.13838  
7722.89876  	9147.959846  	15464.09462  	3686.946736  	4532.90918  
7705.098133  	9182.144011  	15447.80561  	3680.754832  	4539.656217  
7676.33834  	8990.83607  	15312.85879  	3660.607343  	4525.503798  
7667.17184  	9038.282301  	15303.48381  	3659.929355  	4546.114936  
7667.1695  	9080.226896  	15291.78404  	3650.86933  	4531.616033  
7679.183864  	9054.054934  	15311.24  	3660.180842  	4517.190843  
7723.759744  	9097.431606  	15479.47006  	3677.552638  	4563.967281  
7699.437046  	9089.010388  	15385.86769  	3680.819721  	4554.302314  
7698.252874  	9089.628343  	15379.31376  	3674.360446  	4547.597269  
7700.649813  	9209.4539  	15399.61915  	3681.088247  	4557.306831  
7683.05458  	9033.317769  	15294.11217  	3665.724906  	4542.698887  
7708.33987  	9133.9665  	15359.37852  	3670.127535  	4532.988556  
7717.070838  	9141.464612  	15359.06366  	3681.826651  	4543.960029  
7706.996733  	9064.645749  	15399.844  	3666.579728  	4534.933494  
7706.563337  	9182.069221  	15426.77382  	3674.098402  	4526.622714  
7700.040588  	9090.575437  	15347.35051  	3680.672419  	4543.510711  
7708.058322  	9119.243309  	15357.58194  	3678.658578  	4548.456992  
7707.165985  	9121.120242  	15379.7953  	3680.598827  	4537.825593  
7708.982455  	9180.35524  	15415.75699  	3681.047233  	4560.116879  
7718.381413  	9076.070168  	15433.16984  	3670.45835  	4557.926426  
7709.240621  	9257.904987  	15402.18721  	3669.339127  	4521.409493  
7714.826313  	8977.462694  	15414.91915  	3690.53282  	4542.922788  
7734.950042  	9132.695121  	15483.93356  	3694.946245  	4549.88443  
7735.922223  	8928.186925  	15340.37775  	3694.083291  	4552.895463  
7703.535541  	9039.251881  	15345.60795  	3681.278716  	4550.274167  
7695.442436  	9058.804994  	15301.66475  	3666.012812  	4540.128566  
7680.023057  	9068.965566  	15352.58253  	3661.378678  	4534.977015  
7665.95719  	9387.715775  	15435.00298  	3664.038539  	4525.874861  
7688.575333  	9245.255478  	15365.63259  	3681.864236  	4541.287435  
7667.278187  	9314.204114  	15400.26693  	3660.163344  	4527.237508  
7685.333906  	8910.07388  	15308.73861  	3671.632377  	4547.695332  
7726.307088  	9009.333807  	15369.07546  	3673.040653  	4557.693631  
7734.231107  	8871.89908  	15325.4738  	3702.77304  	4562.166233  
7743.222071  	9066.43103  	15383.35046  	3687.651727  	4546.507485  
7753.229065  	8698.176681  	15293.14525  	3688.915072  	4535.040835  
7763.955222  	8970.99585  	15395.5801  	3690.514274  	4560.354991  
7789.263563  	9123.833073  	15518.24602  	3705.555735  	4578.174943  
7760.092952  	9081.30953  	15424.38159  	3695.293189  	4541.034691  
7762.413835  	9201.457704  	15455.83022  	3694.50111  	4561.202292  
7756.474225  	9292.376552  	15508.53293  	3684.994253  	4539.010802  
7768.249767  	9319.511582  	15549.50259  	3693.219793  	4557.272618  
7746.271061  	9249.948367  	15491.01797  	3678.310333  	4540.54367  
7732.697285  	9217.103443  	15530.15811  	3682.838485  	4549.364963  
7721.585724  	9277.316506  	15505.52956  	3670.354718  	4544.312492  
7703.127797  	9313.896432  	15501.27913  	3666.352445  	4543.890818  
7712.662456  	9255.415445  	15443.84813  	3676.601474  	4554.495684  
7673.11348  	9215.02  	15373.82231  	3670.390617  	4564.541095  
7667.241821  	9269.287578  	15392.44235  	3667.030069  	4533.970467  
7689.213068  	9135.663769  	15396.01522  	3678.475545  	4546.092576  
7687.565592  	9343.585257  	15474.96912  	3665.837913  	4538.438596  
7682.793138  	9246.308977  	15438.21692  	3671.260968  	4542.915096  
7706.491007  	9206.607551  	15423.5775  	3674.977569  	4538.412684  
7716.592765  	9129.263268  	15404.14033  	3671.372311  	4536.848586  
7708.861448  	9215.272244  	15406.78248  	3678.784885  	4533.394147  
7711.584069  	9157.857168  	15401.35422  	3669.377336  	4547.897735  
7728.27845  	9223.470569  	15407.11565  	3676.653051  	4554.73748  
7706.779079  	9099.583723  	15362.37964  	3672.204172  	4531.256776  
7706.194151  	9188.083202  	15384.96567  	3684.789556  	4534.665185  
7703.608924  	9174.67689  	15361.59911  	3690.585729  	4548.382378  
7703.772033  	9090.942898  	15339.177  	3676.040094  	4533.416141  
7709.97965  	9071.166818  	15388.47613  	3678.33583  	4540.61553  
7712.670427  	9169.921349  	15358.75377  	3668.45132  	4539.233037  
7742.366932  	9020.802393  	15391.06292  	3679.685343  	4550.139605  
7738.166036  	9019.629198  	15424.99154  	3684.727811  	4536.55885  
7764.191376  	8941.671085  	15436.27981  	3697.872223  	4550.556291  
7737.171444  	9050.01407  	15412.11804  	3687.058892  	4547.261392  
7736.969421  	9185.631741  	15469.90908  	3684.736048  	4549.094258  
7732.656517  	9130.131833  	15426.4313  	3686.678858  	4552.460154  
7723.216873  	9196.035687  	15396.87251  	3690.891873  	4548.654062  
7750.874102  	9208.727594  	15421.81809  	3683.804305  	4537.116753  
7723.873614  	9193.776484  	15414.01127  	3670.017798  	4537.420115  
7727.024499  	9235.947261  	15384.72639  	3682.929983  	4543.988845  
7716.282282  	9080.802403  	15300.13404  	3673.633324  	4539.289545  
7711.454602  	9219.043908  	15424.66549  	3673.376941  	4528.366666  
7714.620151  	9163.54696  	15396.96243  	3684.88225  	4542.980739  
7711.494011  	9160.998308  	15413.37857  	3675.403784  	4544.218524  
7685.444388  	9196.1612  	15327.48566  	3670.729321  	4536.139257  
7711.912426  	8845.17316  	15277.94136  	3659.088544  	4532.13956  
7738.566324  	8751.071473  	15341.16398  	3675.354768  	4549.661855  
7776.98766  	8659.36357  	15332.84688  	3710.859785  	4572.122553  
7746.066226  	8745.839963  	15298.71646  	3684.467843  	4558.407053  
7737.518919  	8951.293871  	15366.22041  	3687.542334  	4537.698923  
7713.909698  	8748.998782  	15290.98329  	3688.502997  	4547.130027  
7729.585381  	9156.15556  	15484.62528  	3688.459249  	4549.724551  
7745.669951  	8952.965188  	15467.30307  	3695.328536  	4550.500517  
7769.166926  	9193.285844  	15498.35522  	3689.963756  	4556.296816  
7764.781022  	9105.773662  	15467.50506  	3709.723423  	4562.196716  
7738.046777  	9257.595342  	15386.84146  	3692.592422  	4552.022099  
7717.893558  	9197.377085  	15415.36104  	3683.915273  	4558.47566  
7709.838909  	9177.355446  	15438.15307  	3671.929622  	4542.981667  
7718.035079  	8948.637578  	15334.15066  	3692.381217  	4539.684189  
7718.158472  	8994.400931  	15345.0851  	3675.61745  	4543.829725  
7756.069503  	8971.051197  	15380.81548  	3690.852689  	4550.057393  
7778.541651  	9153.412164  	15490.51933  	3704.85699  	4560.577032  
7756.102304  	9139.143423  	15454.77161  	3695.033961  	4551.514532  
7751.924358  	9001.606234  	15363.52079  	3687.970364  	4554.292532  
7728.189134  	9268.41904  	15419.19783  	3685.211691  	4541.837497  
7690.56255  	9311.553738  	15369.10492  	3659.881283  	4522.685985  
7692.904519  	9142.022909  	15366.83247  	3670.311488  	4524.313133  
7698.385889  	9057.578225  	15396.41369  	3674.06772  	4547.549779  
7696.878067  	9086.142125  	15402.09357  	3673.720132  	4523.534362  
7723.56832  	9086.130633  	15441.92251  	3695.485469  	4552.578039  
7741.716953  	9133.258944  	15442.46538  	3689.155514  	4539.700209  
7741.165487  	9143.202266  	15484.33086  	3691.18192  	4561.970456  
7773.486646  	9038.144686  	15432.15949  	3704.879183  	4568.611372  
7766.529131  	9142.550928  	15522.74224  	3715.530291  	4567.996413  
7755.319172  	9066.819433  	15449.6429  	3707.741899  	4578.549759  
7741.316562  	9200.048601  	15473.85359  	3682.875507  	4555.691146  
7733.143106  	9233.446449  	15469.77646  	3693.305043  	4553.21169  
7730.767848  	9354.421671  	15472.72553  	3680.812921  	4552.493261  
7715.272901  	9149.031629  	15436.92534  	3684.797965  	4545.48329  
7714.766548  	9181.857352  	15355.34723  	3678.328882  	4547.986361  
7708.153663  	9246.491061  	15493.36059  	3664.071229  	4534.230904  
7696.219257  	9146.809391  	15384.95723  	3669.430695  	4529.040434  
7709.332778  	9172.684139  	15442.81502  	3676.473117  	4543.161984  
7721.935927  	9088.125162  	15427.41822  	3684.744847  	4550.081199  
7698.9372  	9049.45514  	15369.03087  	3668.030659  	4545.708124  
7679.559842  	9034.162535  	15301.6245  	3672.454538  	4535.145434  
7654.044925  	9117.1158  	15257.17666  	3653.351716  	4546.117885  
7671.566288  	9207.920545  	15349.68077  	3666.989673  	4549.019995  
7665.708099  	9108.412879  	15343.99666  	3658.019302  	4543.915108  
7651.152221  	9250.533303  	15302.43908  	3653.706726  	4520.383231  
7656.461853  	9105.041656  	15255.85231  	3649.297312  	4546.173365  
7681.958374  	9085.438591  	15347.04849  	3667.521825  	4544.081025  
7704.663389  	8995.76287  	15339.75421  	3683.561587  	4538.330764  
7695.229672  	9035.890259  	15321.75987  	3673.661947  	4550.432038  
7700.417065  	9059.786706  	15329.982  	3683.935789  	4549.51056  
7716.988701  	9157.678629  	15405.55317  	3682.833508  	4554.891704  
7711.201301  	9116.257663  	15349.98105  	3672.686475  	4545.136836  
7708.8555  	9185.897822  	15391.93085  	3658.318418  	4530.481585  
7701.112318  	9004.490229  	15365.66099  	3663.741503  	4548.973313  
7697.190951  	9102.276345  	15361.89391  	3670.693702  	4525.240412  
7698.028035  	9125.993931  	15339.30397  	3669.141234  	4518.505644  
7707.801251  	9125.79897  	15334.11819  	3673.752332  	4529.716722  
7725.361603  	8929.884678  	15321.60496  	3673.712107  	4543.889887  
7777.295122  	8776.020371  	15372.64647  	3697.965686  	4550.224923  
7783.571593  	8662.441513  	15382.95228  	3713.52105  	4561.201788  
7755.279554  	9032.353578  	15386.50008  	3697.811914  	4566.18298  
7732.656484  	8976.433885  	15322.91872  	3677.958391  	4557.797788  
7724.816604  	9097.140117  	15432.25494  	3694.951181  	4552.390018  
7724.148303  	9168.783258  	15437.2259  	3677.240011  	4540.782451  
7700.657947  	9074.86144  	15368.77202  	3658.619984  	4517.177742  
7701.495551  	9148.430761  	15376.6156  	3670.117426  	4535.585821  
7693.143426  	9208.915517  	15400.59581  	3667.897219  	4529.455604  
7695.504017  	9019.471304  	15365.05247  	3663.758323  	4537.221582  
7689.736787  	9084.974413  	15390.9991  	3654.794309  	4528.565326  
7707.932768  	9078.748077  	15346.27841  	3675.136098  	4548.783446  
7709.467062  	8922.544145  	15360.39333  	3668.860124  	4538.787109  
7727.513015  	8943.169847  	15368.682  	3671.799524  	4539.417072  
7744.969135  	8830.686997  	15333.691  	3687.790774  	4547.382039  
7762.837676  	8851.894033  	15381.88336  	3696.318055  	4560.220555  
7763.069441  	8933.772289  	15384.40435  	3691.971316  	4563.446738  
7728.771682  	9296.537015  	15419.09788  	3691.227478  	4556.343877  
7706.563523  	9156.345314  	15457.51626  	3680.902802  	4543.653845  
7705.527096  	9204.96719  	15415.75858  	3680.957599  	4549.355303  
7706.701272  	9055.330036  	15473.60655  	3678.488976  	4546.970023  
7707.324527  	9317.285271  	15479.61038  	3671.83827  	4528.245889  
7740.515915  	9154.209096  	15442.81024  	3683.492582  	4546.925609  
7725.812305  	9143.214223  	15429.35802  	3681.967084  	4535.470564  
7720.472042  	9352.833329  	15434.04551  	3678.373044  	4542.763836  
7721.532696  	9234.656589  	15439.80215  	3680.778515  	4539.13202  
7736.696698  	9159.680515  	15437.68907  	3688.036453  	4552.785058  
7739.805364  	9067.672401  	15420.26864  	3696.243403  	4554.540274  
7755.625106  	9056.27214  	15405.14873  	3688.813658  	4559.367263  
7710.311012  	9374.564593  	15453.67338  	3689.948933  	4540.50677  
