6434.642108  	10891.03707  	16305.01595  	5266.964351  	5971.520809  
6432.162702  	10845.39358  	16288.67005  	5262.779225  	5979.910488  
6445.293294  	10873.95589  	16338.90812  	5272.578829  	5976.749638  
6432.078288  	10893.25553  	16300.56199  	5262.313457  	5978.582351  
6435.449087  	10885.04344  	16315.29866  	5258.162703  	5973.23961  
6440.403573  	10899.23763  	16264.77781  	5254.317176  	5959.685348  
6438.280758  	10888.47105  	16285.51603  	5273.1723  	5978.413827  
6444.783613  	10895.19962  	16338.69582  	5269.530178  	5967.605879  
6437.737549  	10924.64149  	16284.31825  	5260.166557  	5985.307907  
6432.833171  	10875.88576  	16278.95004  	5263.056927  	5975.094642  
6432.6822  	10804.08781  	16278.89799  	5254.533769  	5973.261885  
6432.067797  	10909.13071  	16283.95164  	5254.149714  	5962.751429  
6433.411614  	10879.98785  	16305.728  	5259.711936  	5974.972611  
6426.989847  	10886.93566  	16306.68733  	5243.468289  	5960.354977  
6418.814947  	10859.41319  	16314.0704  	5253.99472  	5968.957643  
6410.130937  	10765.19629  	16278.31391  	5242.244441  	5970.25094  
6410.673995  	10794.26257  	16313.0695  	5245.537664  	5958.377342  
6415.050932  	10806.15868  	16284.30829  	5256.884453  	5969.631544  
6421.400927  	10813.26639  	16322.91012  	5260.496482  	5976.226843  
6429.71995  	10823.795  	16361.44702  	5256.524869  	5980.982241  
6447.547121  	10869.40033  	16375.71261  	5276.822126  	5992.014076  
6435.606892  	10852.83607  	16386.59354  	5266.212657  	5960.239339  
6432.680316  	10827.19375  	16330.78242  	5258.283393  	5975.295787  
6454.870591  	10892.87746  	16326.2957  	5271.479879  	5984.650406  
6443.762744  	10881.75928  	16399.68002  	5266.607737  	5985.811629  
6440.123058  	10845.09322  	16381.40873  	5267.198145  	5973.160042  
6424.043651  	10791.99928  	16343.33424  	5260.673882  	5971.461245  
6431.560622  	10823.42185  	16331.34023  	5270.079874  	5980.834708  
6415.209048  	10793.5855  	16325.01279  	5260.710412  	5964.158628  
6411.901059  	10831.36657  	16303.61279  	5254.189842  	5951.069963  
6413.926821  	10836.2848  	16314.56904  	5247.683088  	5959.022817  
6398.534443  	10738.5831  	16274.75826  	5234.073812  	5957.142768  
6414.862356  	10773.27353  	16259.86645  	5242.661758  	5959.453713  
6411.60484  	10803.39588  	16320.65592  	5252.952131  	5970.682286  
6418.069069  	10812.93038  	16248.57975  	5248.058793  	5977.177605  
6422.168751  	10801.94929  	16272.30772  	5260.175877  	5972.549256  
6431.922452  	10868.4505  	16266.19158  	5258.230483  	5978.619692  
6425.618875  	10881.65158  	16278.65243  	5267.407337  	5964.202176  
6433.988472  	10861.53013  	16333.51622  	5259.690898  	5972.384585  
6433.701161  	10796.08467  	16283.19523  	5264.539136  	5988.665356  
6435.032828  	10856.94294  	16290.46106  	5263.5071  	5982.571955  
6427.39037  	10840.14448  	16270.78133  	5263.188647  	5968.975779  
6429.561071  	10853.70618  	16272.49314  	5265.787275  	5974.795775  
6435.10228  	10860.26526  	16314.53193  	5255.751566  	5983.633403  
6424.54439  	10912.27029  	16271.27223  	5257.037576  	5972.913698  
6432.780219  	10935.27105  	16355.66841  	5259.378307  	5974.895671  
6426.177739  	10790.6608  	16286.07586  	5264.525028  	5984.731786  
6433.306378  	10922.71692  	16382.2488  	5275.808748  	5981.49238  
6448.558664  	10899.32551  	16367.27578  	5268.778297  	5975.094326  
6450.107001  	10804.29226  	16300.54366  	5277.024762  	5980.194821  
6438.460958  	10915.70693  	16311.1182  	5266.850826  	5966.894703  
6436.523116  	10895.80167  	16286.74559  	5269.555564  	5970.140278  
6437.036153  	10872.20807  	16294.05685  	5261.66567  	5964.614237  
6434.788028  	10923.44494  	16325.21016  	5256.119754  	5963.875958  
6437.256706  	10898.49804  	16314.52628  	5249.768951  	5966.890182  
6433.78495  	10923.67581  	16281.826  	5266.878184  	5964.347292  
6430.096163  	10915.17611  	16264.59664  	5262.869501  	5962.15103  
6436.273015  	10901.03058  	16378.76069  	5257.437877  	5964.987745  
6442.547064  	10936.99812  	16399.85452  	5258.606963  	5976.653257  
6432.919055  	10826.66309  	16388.18119  	5259.01747  	5965.493637  
6439.186966  	10870.08556  	16333.96212  	5250.093835  	5968.341131  
6437.200734  	10872.42557  	16363.29515  	5262.212584  	5982.176062  
6435.203388  	10865.49241  	16328.46675  	5263.611405  	5972.267982  
6438.478537  	10803.44268  	16285.01179  	5272.965342  	5979.105375  
6426.972397  	10845.83132  	16293.66272  	5254.911845  	5976.37339  
6423.041088  	10794.95637  	16286.16317  	5252.567458  	5968.867383  
6456.16899  	10933.13952  	16364.05116  	5278.507145  	5982.146436  
6449.008062  	11017.05515  	16385.91986  	5258.987277  	5973.239592  
6427.436912  	10880.47483  	16259.11324  	5253.008539  	5968.679103  
6428.311351  	10928.22015  	16291.43306  	5244.563188  	5962.732066  
6417.488189  	10879.88592  	16302.82862  	5252.618204  	5963.316819  
6426.207432  	10895.82043  	16240.13258  	5247.550557  	5954.720254  
6409.488213  	10845.06024  	16303.74958  	5242.619938  	5961.212276  
6420.482366  	10861.98985  	16354.5371  	5259.525965  	5964.632858  
6419.989309  	10819.73963  	16326.00611  	5263.24977  	5968.677421  
6436.568075  	10887.17592  	16313.66923  	5264.522158  	5977.43432  
6433.636239  	10805.19077  	16367.73917  	5262.188879  	5972.507834  
6422.955952  	10859.38235  	16287.37899  	5251.566423  	5964.974769  
6408.408779  	10810.7136  	16285.69755  	5244.96524  	5959.038092  
6420.338064  	10845.34185  	16275.90836  	5255.121152  	5975.906187  
6422.099234  	10801.43542  	16284.55382  	5263.06832  	5984.272069  
6424.26843  	10796.79632  	16293.13881  	5255.996147  	5969.180996  
6407.963507  	10823.15214  	16276.59461  	5249.36765  	5962.773079  
6417.510794  	10806.36638  	16292.74549  	5250.776517  	5967.524646  
6420.636587  	10806.64107  	16287.95384  	5256.22589  	5971.87906  
6430.1377  	10875.63337  	16318.04766  	5254.241522  	5972.715172  
6427.000856  	10797.00723  	16325.62381  	5256.332318  	5963.696066  
6437.501297  	10876.50171  	16301.89159  	5254.672471  	5961.068959  
6438.208798  	10864.67053  	16356.403  	5263.78466  	5980.981885  
6436.368611  	10885.60386  	16308.39759  	5261.273336  	5979.573061  
6435.367205  	10860.57157  	16357.31922  	5256.494376  	5963.284168  
6437.002127  	10843.09241  	16348.39844  	5260.251086  	5963.643739  
6436.912689  	10857.54923  	16317.52684  	5261.608505  	5974.639043  
6444.972751  	10885.09698  	16337.73781  	5262.534888  	5982.04047  
6434.640488  	10899.10378  	16346.29768  	5258.978638  	5988.180975  
6432.554958  	10821.12155  	16331.70804  	5266.004652  	5971.278784  
6426.127968  	10813.02098  	16312.50981  	5253.111376  	5966.641623  
6432.245282  	10880.13287  	16326.17321  	5254.166811  	5964.174958  
6435.199725  	10874.31299  	16259.1526  	5266.761342  	5973.588126  
6441.454003  	10831.97896  	16303.62463  	5256.570444  	5980.853838  
6433.315223  	10841.13499  	16289.65514  	5258.177531  	5967.149984  
6438.818398  	10828.10916  	16288.43646  	5257.504445  	5962.739056  
6438.749081  	10839.87205  	16296.20672  	5259.831629  	5987.88098  
6436.903645  	10850.19031  	16324.87123  	5261.786148  	5978.055962  
6429.438397  	10890.62824  	16335.4732  	5272.620991  	5991.361156  
6411.717221  	10796.82032  	16254.21571  	5247.152266  	5977.237458  
6424.418149  	10874.90072  	16254.8304  	5248.012155  	5970.094898  
6418.025225  	10804.43503  	16272.26499  	5241.966968  	5956.396518  
6449.675984  	10908.92495  	16316.3321  	5268.520078  	5974.44351  
6433.775195  	10856.04861  	16309.24367  	5261.756008  	5977.107648  
6441.879414  	10901.20958  	16318.00511  	5269.844409  	5975.512548  
6437.15397  	10903.29207  	16330.6793  	5256.133245  	5973.728413  
6426.424527  	10913.60375  	16311.93322  	5250.44707  	5953.320816  
6419.645604  	10860.31792  	16238.07692  	5244.272222  	5967.837601  
6414.597326  	10889.2548  	16251.92022  	5242.459561  	5963.712656  
6415.525412  	10904.97619  	16309.5441  	5252.505219  	5951.334871  
6401.286036  	10782.12675  	16325.58663  	5248.380015  	5970.201362  
6414.281046  	10759.23575  	16291.93699  	5246.123982  	5971.681023  
6405.4405  	10707.62877  	16255.99463  	5260.075761  	5967.929905  
6402.520551  	10771.68556  	16313.64738  	5254.441817  	5969.515354  
6407.039507  	10707.27554  	16349.05211  	5243.004768  	5965.291426  
6406.844731  	10698.13119  	16377.31055  	5256.26942  	5975.675293  
6413.051865  	10783.90249  	16379.08458  	5262.899029  	5964.959976  
6423.362517  	10793.12458  	16375.8865  	5265.613731  	5977.137439  
6436.125278  	10862.90392  	16369.809  	5286.29414  	5987.053313  
6450.656288  	10860.47699  	16405.95773  	5290.863703  	5995.20862  
6455.62181  	10886.86763  	16312.85018  	5275.887582  	5986.018145  
6441.687678  	10822.36423  	16319.34639  	5267.715338  	5985.637246  
6444.926005  	10935.68662  	16292.12823  	5250.70312  	5974.539994  
6433.452748  	10872.2108  	16308.8729  	5255.822423  	5966.936617  
6428.357311  	10826.24596  	16258.97878  	5249.956086  	5966.564779  
6431.663827  	10841.8757  	16299.31862  	5275.788966  	5973.335163  
6442.744831  	10902.77507  	16275.14442  	5281.766089  	5970.497718  
6433.312434  	10819.61764  	16259.52188  	5260.729245  	5958.403902  
6424.647891  	10814.02346  	16278.60881  	5248.333842  	5972.982045  
6427.2745  	10834.71798  	16256.2948  	5238.57827  	5967.477066  
6428.596697  	10860.88777  	16247.96974  	5255.698385  	5971.188368  
6428.850655  	10857.69032  	16285.28668  	5263.562959  	5968.332586  
6431.224338  	10855.18769  	16324.45596  	5256.788965  	5972.097958  
6427.318192  	10783.74028  	16301.21219  	5260.358146  	5972.463596  
6435.801259  	10874.68787  	16354.04828  	5267.236222  	5984.248812  
6433.404572  	10861.86137  	16387.47515  	5249.912597  	5970.020282  
6443.637979  	10825.32396  	16409.7781  	5276.978727  	5971.497941  
6446.844575  	10871.16914  	16394.4811  	5277.005221  	5978.307849  
6450.056433  	10893.84054  	16343.25217  	5273.950551  	5986.815834  
6444.065465  	10845.5653  	16344.10436  	5267.510387  	5971.67199  
6432.573706  	10903.86812  	16358.71904  	5277.420517  	5995.207306  
6435.147533  	10961.01657  	16381.99381  	5273.457216  	5978.406337  
6432.432815  	10867.47044  	16336.68412  	5272.248316  	5959.507816  
6436.165785  	10856.58043  	16412.77498  	5283.727513  	5967.321865  
6432.877536  	10896.40956  	16334.75827  	5275.032763  	5981.553096  
6438.096021  	10842.00124  	16335.91672  	5268.417006  	5976.312967  
6426.344086  	10866.21819  	16346.2729  	5261.744166  	5977.60549  
6430.321393  	10866.33951  	16305.59616  	5273.001645  	5981.063959  
6425.247893  	10857.16996  	16325.82394  	5275.75838  	5994.677337  
6434.240989  	10899.85926  	16291.94054  	5268.539465  	5970.057081  
6436.530985  	10841.72109  	16368.09324  	5266.417522  	5976.07644  
6433.62083  	10841.46572  	16364.83864  	5261.475394  	5979.558235  
6428.965392  	10811.29145  	16318.8524  	5275.469139  	5984.325002  
6424.183704  	10828.01255  	16373.56983  	5278.10811  	5959.707954  
6421.948881  	10909.88273  	16379.63839  	5252.72952  	5962.969814  
6420.883204  	10871.33561  	16359.62688  	5273.601219  	5982.499822  
6445.773457  	10917.4466  	16304.99249  	5271.871925  	5974.500075  
6423.669541  	10827.25443  	16318.80214  	5258.249792  	5971.28581  
6435.378649  	10843.24135  	16343.87265  	5270.018503  	5979.772027  
6445.835121  	10939.43932  	16267.87872  	5269.20717  	5973.630832  
6432.563133  	10956.8643  	16246.21258  	5260.740834  	5966.271445  
6439.586645  	10906.5513  	16305.41201  	5252.74206  	5973.771457  
6434.850398  	10948.53493  	16299.19764  	5249.660007  	5968.129428  
6426.085855  	10873.29462  	16272.85529  	5245.749435  	5964.229757  
6418.06047  	10843.871  	16267.62003  	5253.333324  	5980.939604  
6414.940943  	10826.58361  	16281.5608  	5256.898059  	5956.615623  
6408.920214  	10837.56144  	16241.24862  	5239.970816  	5963.96412  
6419.973686  	10787.92772  	16339.56808  	5270.527622  	5970.827742  
6420.06119  	10830.01279  	16372.58057  	5262.251281  	5974.396213  
6414.223796  	10756.17089  	16294.35401  	5257.757049  	5959.497516  
6424.932167  	10799.7093  	16319.44572  	5270.988373  	5963.075533  
6444.193728  	10873.20262  	16304.70272  	5277.17918  	5979.976213  
6430.62311  	10823.44944  	16335.10851  	5272.412207  	5969.989008  
6440.9417  	10867.03401  	16316.71265  	5254.792678  	5964.608974  
6426.632474  	10913.34635  	16337.1567  	5255.304427  	5981.128783  
6431.50221  	10829.12503  	16299.97252  	5250.556071  	5972.595712  
6421.289376  	10872.95009  	16268.63786  	5241.521692  	5963.929639  
6432.338766  	10845.70633  	16316.68337  	5247.780863  	5963.537827  
6421.743716  	10821.25519  	16261.65167  	5246.332085  	5979.835844  
6424.835097  	10811.6373  	16277.41059  	5257.273243  	5971.047029  
6426.013343  	10841.96354  	16305.77329  	5264.571674  	5971.088985  
6435.925642  	10875.94088  	16286.66777  	5255.183727  	5971.826467  
6421.597734  	10892.16303  	16293.98919  	5258.256682  	5970.963291  
6430.955664  	10916.38479  	16313.31951  	5260.869388  	5974.094591  
6432.512506  	10901.16889  	16289.58647  	5258.208799  	5978.629693  
6433.09862  	10930.93302  	16308.64922  	5257.101538  	5975.725049  
6430.394803  	10854.2743  	16290.30005  	5254.285841  	5952.206621  
6429.935049  	10879.04003  	16250.79482  	5264.16329  	5973.033278  
6443.293607  	10798.04034  	16273.86032  	5251.099848  	5971.169491  
6431.822006  	10859.75972  	16296.99798  	5258.144837  	5949.244966  
6432.154102  	10837.58105  	16302.71734  	5261.780979  	5968.336007  
6436.267345  	10883.54257  	16342.7365  	5266.378568  	5984.999072  
6432.578307  	10849.81369  	16325.64058  	5250.078505  	5962.636164  
6427.406666  	10847.28107  	16324.62756  	5253.269873  	5960.814884  
6418.116527  	10835.20989  	16338.64596  	5249.92084  	5963.229622  
6437.364678  	10874.4544  	16278.18552  	5268.188414  	5985.124708  
6429.832368  	10828.92505  	16262.55629  	5262.936312  	5988.410051  
6442.11316  	10880.4408  	16270.56568  	5255.226513  	5972.587879  
6425.582976  	10881.34696  	16298.50996  	5249.228391  	5972.970866  
6421.867361  	10845.45391  	16317.42689  	5261.182021  	5966.624943  
6439.85108  	10896.85043  	16262.14326  	5258.2549  	5960.501817  
6421.535594  	10825.02917  	16320.60837  	5251.572495  	5958.25884  
6428.655458  	10886.04753  	16284.70349  	5240.72183  	5964.754575  
6421.956607  	10805.51981  	16308.98799  	5239.057283  	5956.421215  
6427.629241  	10874.99417  	16337.8276  	5252.751291  	5981.28701  
6427.546489  	10840.87978  	16339.62054  	5262.714691  	5969.401663  
6429.977816  	10910.99446  	16344.07654  	5260.456126  	5963.174015  
6429.169045  	10852.84626  	16348.75682  	5264.866235  	5977.519516  
6425.564729  	10807.33567  	16263.37752  	5265.316175  	5983.53786  
6422.263404  	10827.65403  	16293.00157  	5274.301915  	5962.661329  
6418.738847  	10832.53933  	16293.27777  	5259.908429  	5969.075958  
6430.850621  	10833.74927  	16288.30079  	5268.82138  	5972.227403  
6438.602242  	10876.49337  	16348.83081  	5285.918687  	5987.163306  
6446.485541  	10845.32791  	16345.75616  	5278.438622  	5987.593373  
6442.690374  	10895.36747  	16362.39013  	5277.391438  	5993.273272  
6435.51963  	10874.60719  	16356.07191  	5283.700598  	5987.884597  
6432.264853  	10839.88385  	16391.44797  	5267.826453  	5975.134763  
6432.179159  	10805.75173  	16331.68951  	5272.739837  	5979.588584  
6441.29843  	10872.22677  	16326.72971  	5269.553132  	5977.517449  
6442.954406  	10864.27625  	16319.31791  	5258.603583  	5963.877339  
6431.264992  	10853.2291  	16262.87303  	5247.763892  	5978.563006  
6432.894195  	10841.25938  	16264.33484  	5253.66527  	5979.184067  
6436.919775  	10832.88526  	16329.70661  	5259.576623  	5969.973729  
6418.341607  	10847.85079  	16256.49899  	5241.160999  	5956.012505  
6423.930851  	10893.92188  	16261.81908  	5249.738483  	5977.698634  
6430.311717  	10878.41023  	16294.45382  	5256.915766  	5968.481442  
6423.674922  	10821.74842  	16327.61072  	5250.038202  	5958.024758  
6435.322558  	10844.55101  	16337.92351  	5256.656496  	5990.007562  
6431.026771  	10882.01083  	16341.79955  	5269.847136  	5965.692856  
6419.229048  	10794.44551  	16304.05166  	5254.402148  	5966.355297  
6422.185426  	10807.27365  	16267.05756  	5249.379441  	5974.65987  
6423.978595  	10860.98995  	16297.74845  	5262.458865  	5976.696678  
6431.550944  	10821.31975  	16333.89996  	5266.951365  	5970.360442  
6443.456855  	10825.15129  	16304.45828  	5264.125825  	5966.408499  
6442.326034  	10867.94728  	16294.16123  	5274.463116  	5975.069577  
6424.229063  	10860.26446  	16266.03997  	5245.372851  	5962.127915  
6417.712381  	10822.39941  	16262.85219  	5250.069522  	5963.751661  
6428.129183  	10919.74891  	16266.22683  	5251.514632  	5967.625612  
6415.650363  	10878.67771  	16269.34749  	5247.005439  	5967.132852  
6423.566677  	10869.60285  	16255.04094  	5253.13658  	5961.456694  
6429.367845  	10830.36178  	16238.40908  	5250.547905  	5965.519576  
6419.205249  	10858.65858  	16280.41292  	5225.550447  	5953.388123  
6409.058552  	10825.32143  	16253.23923  	5224.800879  	5956.790922  
6411.359476  	10821.87814  	16287.44196  	5247.872049  	5958.642979  
6417.053844  	10739.95465  	16316.90359  	5252.939387  	5974.961167  
6421.76613  	10812.48007  	16338.08958  	5260.883905  	5978.073308  
6400.73351  	10682.91534  	16306.51743  	5250.556657  	5960.966824  
6404.931995  	10733.68527  	16248.24127  	5245.955588  	5953.244174  
6401.916043  	10699.52194  	16272.87902  	5254.15048  	5966.064432  
6412.12052  	10748.37575  	16276.75762  	5253.784104  	5972.826341  
6432.770083  	10752.1741  	16299.7575  	5265.098403  	5983.506116  
6438.087579  	10868.58013  	16292.18835  	5258.718637  	5983.240249  
6445.668819  	10822.41952  	16349.27371  	5281.359762  	5979.287344  
6445.612445  	10836.0696  	16318.35968  	5276.550138  	5986.058259  
6441.599865  	10866.29268  	16293.02148  	5261.87011  	5975.396108  
6453.936299  	10893.02009  	16319.23943  	5273.631417  	5996.369596  
6444.120293  	10857.27236  	16327.94016  	5275.247651  	5984.145224  
6442.987183  	10842.78196  	16304.41809  	5269.944535  	5977.343578  
6442.639122  	10898.82208  	16322.57843  	5268.011158  	5977.852572  
6428.594904  	10878.22294  	16282.03488  	5263.560875  	5963.060511  
6435.885924  	10925.42446  	16279.58133  	5256.096305  	5965.485909  
6428.485749  	10869.78496  	16285.88674  	5259.06301  	5976.76473  
6425.881994  	10882.33566  	16251.3531  	5246.684331  	5962.698019  
6435.1309  	10817.53523  	16319.46894  	5253.34812  	5979.687422  
6432.334162  	10854.06993  	16283.99636  	5270.105372  	5968.95622  
6432.003172  	10852.3638  	16299.26558  	5258.833968  	5971.84155  
6444.099995  	10891.98488  	16287.43831  	5255.874856  	5952.193103  
6438.591972  	10881.74107  	16327.30782  	5256.588879  	5969.646346  
6435.414888  	10896.73386  	16318.70621  	5259.769109  	5980.199698  
6443.163175  	10955.52716  	16272.4566  	5255.442741  	5979.292613  
6438.599572  	10916.66989  	16245.47263  	5249.395238  	5982.892852  
6422.169805  	10843.33758  	16268.72743  	5256.579399  	5965.145044  
6432.503158  	10927.73974  	16295.66605  	5252.260359  	5963.188642  
6427.633594  	10828.50283  	16328.47139  	5248.609601  	5963.727114  
6433.995648  	10832.58392  	16292.99391  	5261.127331  	5988.170721  
6440.991112  	10879.45824  	16316.92479  	5256.605943  	5982.876661  
6428.011546  	10851.87833  	16257.18962  	5261.77562  	5976.327576  
6434.479636  	10904.15427  	16280.55312  	5267.742474  	5988.342297  
6425.331101  	10830.29006  	16262.39573  	5248.530988  	5969.768323  
6431.790788  	10872.43026  	16260.04843  	5262.801567  	5958.178669  
6424.720238  	10893.81982  	16348.5958  	5266.732191  	5979.268283  
6427.300116  	10869.84144  	16348.33235  	5263.657849  	5971.141023  
6424.250072  	10905.61744  	16319.40907  	5264.579936  	5970.74947  
6412.794363  	10791.74441  	16326.98936  	5248.695348  	5961.793605  
6421.464712  	10883.11212  	16309.58248  	5260.137068  	5967.274776  
6434.35216  	10861.57333  	16387.75641  	5268.058512  	5956.004717  
6439.743365  	10894.52369  	16322.39286  	5257.803831  	5970.661166  
6433.570008  	10906.2722  	16289.89923  	5258.022973  	5963.689158  
6441.979283  	10869.1357  	16305.42389  	5254.068542  	5972.98464  
6429.402538  	10791.80605  	16273.83139  	5264.558709  	5963.446175  
6426.15572  	10864.47668  	16239.68182  	5254.51024  	5968.644519  
6424.883181  	10804.6771  	16297.49811  	5251.38972  	5976.303973  
6427.62552  	10810.44784  	16303.66441  	5253.968955  	5983.168294  
6424.851417  	10804.03176  	16315.60113  	5262.265776  	5990.346152  
6430.082546  	10817.16131  	16331.87715  	5263.763384  	5980.268467  
6434.316825  	10801.60354  	16297.48355  	5265.139939  	5969.090832  
6422.678238  	10830.72457  	16361.96651  	5280.620323  	5985.957571  
6441.334436  	10878.02003  	16311.94171  	5281.097656  	6001.124867  
6428.104323  	10849.50957  	16331.31412  	5273.03055  	5984.572344  
6441.338207  	10868.11647  	16294.02488  	5266.842453  	5980.511785  
6441.583859  	10869.88355  	16287.83699  	5266.376521  	5970.589687  
6437.84618  	10804.34824  	16246.25397  	5258.432807  	5958.263135  
6431.832673  	10898.04856  	16273.47884  	5261.913173  	5972.349998  
6430.365974  	10855.05589  	16292.64972  	5256.931284  	5989.022988  
6431.037918  	10861.41566  	16301.73492  	5257.866505  	5967.7488  
6422.813995  	10822.62041  	16313.64354  	5250.593878  	5963.80356  
6420.867198  	10821.03208  	16243.12196  	5243.346192  	5953.570117  
6418.693359  	10817.41466  	16336.55138  	5245.656009  	5965.971867  
6414.078863  	10868.63081  	16318.08277  	5236.425611  	5952.598841  
6423.45109  	10834.29935  	16326.19815  	5251.330461  	5955.620768  
6424.061319  	10826.81109  	16300.55905  	5251.275419  	5972.043324  
6424.733669  	10870.12864  	16306.28568  	5248.089617  	5963.134359  
6424.054123  	10812.74461  	16288.90359  	5238.848975  	5963.68209  
6421.285171  	10835.8586  	16303.20133  	5241.465371  	5957.208074  
6417.695559  	10799.21497  	16303.20527  	5257.827286  	5972.826057  
6445.14549  	10893.04083  	16366.36967  	5266.188746  	5983.282751  
6440.173326  	10901.83558  	16332.0966  	5276.607174  	5975.964976  
6428.246277  	10907.84644  	16358.05431  	5259.173177  	5964.194734  
6429.526861  	10881.64657  	16292.05283  	5274.787397  	5982.26111  
6438.53294  	10899.43224  	16386.71221  	5267.518975  	5967.902434  
6430.586195  	10831.22704  	16321.27932  	5266.682665  	5978.65924  
6437.856922  	10858.0901  	16322.15761  	5261.673553  	5987.075253  
6437.002447  	10871.23361  	16385.66485  	5261.22837  	5965.042878  
6445.220236  	10849.56635  	16330.1017  	5267.192502  	5976.963813  
6435.276526  	10849.13927  	16363.22517  	5267.225534  	5980.494557  
6435.803116  	10855.77061  	16378.34893  	5263.151195  	5968.928223  
6437.82406  	10862.71406  	16377.79912  	5259.448646  	5979.495015  
6425.755909  	10866.64736  	16310.42193  	5255.169094  	5941.770803  
6428.14638  	10880.65582  	16273.19219  	5251.939398  	5972.096556  
6429.255936  	10920.34699  	16347.4755  	5260.455203  	5966.193613  
6430.886367  	10891.85621  	16333.00551  	5265.912018  	5966.092909  
6410.081864  	10744.77958  	16325.98535  	5240.20474  	5959.210953  
6419.445799  	10810.42823  	16329.02965  	5241.447459  	5955.904155  
6421.782039  	10792.22953  	16272.50102  	5235.141816  	5960.136833  
6410.436829  	10766.22304  	16327.39768  	5247.378495  	5957.922288  
6409.251522  	10738.17017  	16259.99791  	5239.11363  	5959.29107  
6409.017878  	10826.2323  	16274.27034  	5238.410253  	5956.646403  
6428.313915  	10875.69753  	16279.7573  	5255.936603  	5974.028441  
6430.04467  	10847.91522  	16327.20385  	5263.913835  	5982.661413  
6437.666898  	10828.2947  	16314.65388  	5246.003769  	5973.657329  
6430.809424  	10897.41207  	16338.50418  	5261.475117  	5957.629256  
6432.485094  	10850.42619  	16304.21097  	5264.17502  	5975.022889  
6455.14363  	11020.33904  	16279.2614  	5272.212798  	5984.17047  
6435.464525  	10936.85327  	16345.65746  	5271.940068  	5987.767602  
6425.671957  	10895.94432  	16309.93642  	5259.083435  	5981.270613  
6416.813099  	10875.32055  	16292.76698  	5248.024898  	5955.28776  
6415.886913  	10881.74469  	16268.86206  	5247.619198  	5966.383409  
6424.07729  	10864.04157  	16298.33295  	5248.785605  	5983.010441  
6418.292445  	10803.5247  	16309.27911  	5258.035231  	5969.295064  
6412.264485  	10840.28429  	16304.25553  	5261.443608  	5960.815903  
6417.569931  	10827.62776  	16299.2519  	5244.833026  	5968.766752  
6412.432166  	10776.06266  	16273.86108  	5256.362999  	5970.70679  
6413.237664  	10809.90386  	16254.07477  	5240.686081  	5964.62679  
6415.714284  	10801.46637  	16243.66001  	5253.874425  	5964.827824  
6425.822169  	10824.82477  	16307.96923  	5259.648136  	5973.786314  
6433.891435  	10828.09277  	16362.0564  	5261.020759  	5978.184239  
6447.827584  	10866.82976  	16325.89671  	5263.4635  	5982.584015  
6444.920809  	10873.23184  	16296.07535  	5252.11153  	5982.409575  
6433.486274  	10906.67697  	16277.30698  	5247.709053  	5977.64099  
6434.820695  	10888.58149  	16325.1892  	5258.573169  	5976.204032  
6440.852278  	10906.89068  	16366.25188  	5260.837016  	5973.498384  
6440.162115  	10901.47897  	16312.62644  	5264.041229  	5967.140306  
6435.325532  	10874.84971  	16325.64555  	5267.079733  	5980.39684  
6439.813854  	10837.89769  	16318.51921  	5267.468516  	5997.470739  
6432.147761  	10885.4075  	16328.06657  	5256.237582  	5962.092493  
6429.506951  	10900.30703  	16335.07518  	5260.395829  	5974.513373  
6431.548465  	10844.69003  	16240.25659  	5250.518137  	5960.631248  
6430.9456  	10858.29643  	16295.31746  	5275.191825  	5983.920727  
6444.189297  	10916.9483  	16321.14678  	5258.419095  	5968.796592  
6441.840253  	10867.24622  	16264.27546  	5265.154983  	5976.929666  
6430.086764  	10897.4311  	16316.47345  	5251.885445  	5966.600068  
6431.64272  	10864.29952  	16332.90935  	5267.68615  	5973.234719  
6439.919764  	10925.40431  	16341.7531  	5272.631542  	5950.011942  
6433.301925  	10853.23527  	16315.44115  	5251.583096  	5954.536986  
6429.85282  	10852.17082  	16280.19473  	5260.869743  	5979.543563  
6426.918195  	10838.59441  	16285.98532  	5255.524706  	5961.219057  
6435.321065  	10846.00738  	16290.54654  	5259.047931  	5972.681809  
6426.35534  	10857.86133  	16279.5119  	5262.914715  	5956.621046  
6424.796695  	10800.66489  	16284.29746  	5254.506795  	5972.980568  
6434.90317  	10889.45837  	16307.25269  	5256.790711  	5970.310734  
6425.242144  	10892.39286  	16292.68618  	5265.435547  	5979.698658  
6436.750072  	10893.50179  	16282.1033  	5259.334916  	5976.525174  
6431.063322  	10829.67338  	16285.29966  	5251.933545  	5976.282037  
6433.688341  	10909.36848  	16279.05613  	5264.873899  	5981.665015  
6438.480143  	10863.15348  	16314.14815  	5272.729269  	5985.129895  
6429.515735  	10842.06694  	16332.12829  	5267.956152  	5982.031648  
6433.087521  	10887.07601  	16330.45778  	5268.684935  	5976.413562  
6423.784957  	10790.28117  	16347.44189  	5266.62573  	5972.712017  
6451.395225  	10957.7484  	16319.17535  	5258.846721  	5976.854046  
6452.716786  	10900.89869  	16349.58587  	5259.124614  	5984.440409  
6443.798015  	10964.75853  	16320.42716  	5264.732441  	5975.116829  
6436.42237  	10907.90971  	16367.63046  	5256.946561  	5983.534071  
6428.605931  	10813.98694  	16303.09251  	5263.113279  	5974.686918  
6424.166154  	10859.72508  	16291.26657  	5252.954499  	5972.766562  
6431.503622  	10825.46986  	16324.53859  	5277.216204  	5991.828387  
6407.494067  	10757.09185  	16292.48208  	5253.999845  	5963.69131  
6404.726457  	10728.01692  	16316.1977  	5256.84825  	5960.687382  
6404.412028  	10762.32047  	16273.79055  	5246.111814  	5965.073821  
6418.095151  	10735.64818  	16305.42514  	5248.340762  	5965.373152  
6419.238755  	10773.30007  	16326.62162  	5271.042712  	5977.140034  
6422.511531  	10759.17807  	16351.25986  	5269.30145  	5984.661226  
6433.081153  	10747.73164  	16320.7028  	5265.476533  	5963.543991  
6430.592865  	10838.29968  	16324.93484  	5263.41093  	5964.222906  
6443.196196  	10785.96008  	16316.81109  	5267.836529  	5966.012517  
6436.050907  	10854.03995  	16340.96028  	5252.855571  	5967.909867  
6440.646816  	10834.87277  	16320.80311  	5266.684378  	5980.494385  
6439.77518  	10834.78644  	16302.30538  	5268.454635  	5974.903742  
6428.770824  	10887.02671  	16304.66473  	5246.710297  	5961.431623  
6429.074544  	10840.85815  	16260.87207  	5265.682041  	5974.721891  
6426.753679  	10844.3778  	16314.24767  	5266.198007  	5965.796275  
6437.225753  	10934.80869  	16290.04223  	5256.506804  	5975.734031  
6436.815252  	10869.11082  	16308.28374  	5258.663207  	5974.183151  
6430.680787  	10843.51765  	16284.03994  	5265.091515  	5967.518253  
6429.502422  	10837.00232  	16278.86599  	5264.104294  	5976.992169  
6426.928868  	10869.91423  	16288.03222  	5262.303789  	5965.850049  
6435.079493  	10857.99296  	16313.37706  	5263.281165  	5971.254907  
6424.231407  	10885.90077  	16352.5796  	5271.799986  	5962.241772  
6432.594412  	10853.50784  	16341.11134  	5254.217911  	5975.86131  
6435.764701  	10908.11884  	16378.85802  	5271.250851  	5989.611346  
6435.620499  	10891.08387  	16355.35108  	5261.748536  	5976.142171  
6443.163876  	10896.79397  	16371.54252  	5262.920586  	5964.075391  
6439.501922  	10892.20486  	16331.29495  	5267.679141  	5982.430001  
6439.416975  	10904.76838  	16327.03784  	5264.371395  	5960.722915  
6445.755753  	10913.32123  	16341.7399  	5258.41612  	5975.138229  
6439.155785  	10835.21661  	16294.80832  	5267.499954  	5970.916857  
6444.660023  	10862.71957  	16285.83458  	5257.757742  	5988.731117  
6429.792169  	10830.98874  	16304.39635  	5261.817935  	5981.145942  
6428.274278  	10829.37651  	16359.29322  	5256.502957  	5992.829936  
6432.146887  	10837.03418  	16260.78301  	5278.430337  	5982.135799  
6428.236723  	10882.89488  	16235.67747  	5259.935765  	5962.927891  
6426.616666  	10903.85187  	16294.22045  	5255.134136  	5964.375214  
6444.594635  	10908.10103  	16298.9724  	5267.967328  	5969.009965  
6434.454339  	10900.68018  	16326.24933  	5273.35824  	5979.064944  
6427.54199  	10779.1023  	16268.45691  	5265.005783  	5987.995527  
6432.185575  	10912.31494  	16311.2972  	5262.239664  	5980.079445  
6431.667904  	10851.6908  	16265.28752  	5263.432342  	5965.12805  
6429.135638  	10895.51938  	16315.94006  	5256.31322  	5982.79831  
6431.549077  	10850.48034  	16298.205  	5248.971007  	5970.068329  
6428.935515  	10848.35639  	16343.11439  	5252.797807  	5957.210274  
6436.243726  	10871.52543  	16328.71616  	5266.734337  	5970.266752  
6420.813547  	10808.36553  	16326.86357  	5249.080216  	5972.159309  
6410.937103  	10824.38591  	16270.98224  	5236.767791  	5958.824797  
6416.13601  	10810.24439  	16329.14315  	5251.410824  	5959.855635  
6407.123298  	10814.13005  	16300.08673  	5233.099952  	5964.685794  
