6035.213856  	10778.80282  	14660.37577  	3947.054044  	5735.104842  
6044.887903  	10763.50638  	14762.53919  	3954.347441  	5730.509995  
6063.739505  	10757.24086  	14755.78081  	3970.028464  	5757.122655  
6076.258502  	10746.0678  	14776.28084  	3988.995908  	5762.386556  
6081.220396  	10739.74745  	14791.96443  	3983.252778  	5753.220188  
6086.994482  	10773.06212  	14887.54536  	3983.379077  	5746.169081  
6089.499186  	10794.2825  	14876.80807  	3986.635545  	5753.341926  
6073.524939  	10734.81205  	14774.72214  	3973.903622  	5749.961278  
6067.227905  	10720.78294  	14813.87488  	3973.223205  	5726.228106  
6069.289947  	10694.15251  	14762.63657  	3978.471843  	5727.29182  
6071.775359  	10693.46375  	14727.76767  	3970.465307  	5742.466399  
6059.496511  	10687.56436  	14630.44158  	3951.630598  	5743.68967  
6082.180905  	10790.44791  	14748.96582  	3976.860137  	5744.854239  
6070.133985  	10736.85706  	14740.43251  	3981.650003  	5737.143781  
6075.020076  	10730.92758  	14745.94051  	3971.662164  	5750.701757  
6077.183191  	10701.32325  	14722.85097  	3968.101589  	5744.583246  
6064.032906  	10716.47574  	14733.10874  	3973.28454  	5757.320563  
6073.014346  	10684.32198  	14698.79813  	3978.185197  	5750.963834  
6067.912936  	10715.90551  	14712.92825  	3984.739606  	5777.826624  
6063.429645  	10722.20414  	14719.30551  	3980.558026  	5751.282534  
6065.189965  	10751.27428  	14714.96525  	3976.227413  	5739.922366  
6066.294677  	10757.16839  	14704.53597  	3981.368261  	5737.498846  
6064.975344  	10735.37959  	14703.32511  	3970.479069  	5741.789665  
6059.478489  	10778.81899  	14717.71952  	3977.063972  	5760.177219  
6071.141794  	10732.48394  	14714.90751  	3962.704532  	5756.257164  
6062.206298  	10735.57956  	14684.01908  	3960.31183  	5730.663773  
6071.914854  	10727.02391  	14734.01775  	3968.011087  	5737.600682  
6072.737292  	10727.49225  	14728.91731  	3976.738597  	5748.852226  
6075.655288  	10799.4929  	14736.79488  	3976.818257  	5747.748005  
6071.103846  	10761.80065  	14740.88798  	3978.794301  	5741.024119  
6062.34886  	10763.11663  	14762.7003  	3972.996599  	5754.66217  
6061.197511  	10764.34851  	14764.01987  	3971.872786  	5739.55048  
6058.133666  	10819.94992  	14716.7995  	3970.538923  	5762.005555  
6060.999121  	10716.81879  	14692.61482  	3953.22528  	5733.807738  
6063.520905  	10694.50178  	14679.42057  	3972.908897  	5747.990867  
6069.404995  	10761.1528  	14710.69276  	3982.965104  	5750.149402  
6063.449033  	10668.30844  	14686.00901  	3970.972868  	5742.728247  
6076.954071  	10667.94588  	14703.34425  	3968.859736  	5750.174114  
6063.743764  	10721.23698  	14764.4726  	3969.518466  	5750.671474  
6058.303851  	10766.52346  	14772.64421  	3970.890879  	5733.408098  
6070.018594  	10729.03689  	14768.2562  	3972.179418  	5733.244457  
6053.495732  	10782.44022  	14752.96846  	3958.09662  	5739.97829  
6044.941834  	10731.49444  	14719.86781  	3979.348991  	5749.658176  
6038.322665  	10696.80662  	14678.31697  	3964.609979  	5745.142144  
6058.193485  	10729.37486  	14718.45359  	3960.977974  	5743.781624  
6065.073701  	10705.98358  	14731.07718  	3970.556321  	5749.682635  
6060.049285  	10813.76115  	14768.43619  	3967.990718  	5744.510649  
6060.738002  	10840.75919  	14738.33602  	3977.829941  	5755.193878  
6049.775802  	10742.80001  	14713.23187  	3956.746796  	5741.376549  
6051.737766  	10780.67188  	14756.22548  	3968.398863  	5751.303494  
6052.156818  	10820.6966  	14736.22398  	3971.172311  	5761.912643  
6050.461691  	10788.6242  	14725.61993  	3972.201268  	5739.707441  
6051.900704  	10752.81298  	14711.14502  	3965.141019  	5735.225848  
6053.101919  	10701.82264  	14735.06554  	3961.98026  	5756.536404  
6068.214337  	10729.04037  	14747.41552  	3966.054855  	5755.568884  
6060.867572  	10744.90787  	14774.04389  	3980.663119  	5753.748493  
6073.973215  	10775.02383  	14819.37989  	3968.766083  	5733.770303  
6058.461346  	10730.96831  	14767.49804  	3963.921683  	5724.750524  
6057.694824  	10786.09068  	14818.29366  	3960.625659  	5744.837619  
6064.365435  	10773.24201  	14750.07596  	3964.246143  	5744.974498  
6071.283168  	10761.73336  	14772.9548  	3971.879604  	5738.087671  
6073.836626  	10757.46217  	14795.76665  	3987.696963  	5738.469564  
6074.118798  	10769.03385  	14816.97241  	3971.56398  	5744.232479  
6076.520832  	10737.63814  	14784.62538  	3981.218416  	5749.537085  
6069.272741  	10752.46536  	14801.96221  	3977.80701  	5740.93454  
6062.914388  	10753.93044  	14778.60188  	3976.166222  	5731.547927  
6059.226857  	10765.57098  	14778.28888  	3968.407709  	5735.963843  
6065.52559  	10749.2575  	14763.22292  	3966.745236  	5753.579557  
6056.075532  	10792.36498  	14756.05231  	3962.257699  	5748.100619  
6071.876949  	10729.67617  	14737.79312  	3965.678033  	5746.546381  
6077.681583  	10648.14854  	14733.78565  	3970.311614  	5744.044853  
6081.866081  	10698.90518  	14773.64942  	3973.988066  	5750.959099  
6069.030744  	10658.38979  	14769.03986  	3979.253867  	5728.577983  
6062.859262  	10777.66379  	14749.48336  	3971.619945  	5742.25504  
6074.690169  	10729.57727  	14806.71854  	3979.969529  	5750.85033  
6072.990812  	10786.34566  	14823.3333  	3983.086866  	5740.11257  
6054.13745  	10762.17729  	14763.78436  	3979.848539  	5728.561979  
6052.236448  	10795.34392  	14742.6934  	3962.078096  	5743.606985  
6058.595733  	10837.51491  	14752.95051  	3957.537128  	5734.851966  
6054.20635  	10769.2383  	14711.54826  	3967.024426  	5747.551893  
6063.734297  	10786.07365  	14747.86154  	3973.281222  	5740.034288  
6049.78587  	10791.66212  	14767.41304  	3960.890369  	5749.338448  
6055.137945  	10735.54402  	14721.34885  	3969.083716  	5732.326832  
6063.015249  	10733.47552  	14733.7191  	3971.997246  	5749.118797  
6061.397452  	10758.78601  	14771.42962  	3965.017908  	5751.771903  
6058.002507  	10746.91588  	14763.61462  	3977.628736  	5757.244963  
6063.465665  	10779.03206  	14753.39272  	3967.952973  	5738.041423  
6063.448427  	10744.3639  	14772.20866  	3956.962503  	5748.052906  
6057.89091  	10735.51926  	14790.61152  	3959.553924  	5728.49808  
6068.366001  	10762.62677  	14731.22699  	3972.719963  	5752.867269  
6065.188796  	10728.91643  	14762.44806  	3970.228612  	5740.291293  
6069.477345  	10732.4672  	14716.05466  	3973.482033  	5759.287703  
6057.245903  	10758.18949  	14686.88021  	3979.727321  	5750.334934  
6054.050154  	10763.72143  	14732.64379  	3966.61871  	5743.056589  
6064.788323  	10747.7944  	14703.53804  	3969.940211  	5751.552535  
6057.422518  	10732.14975  	14641.61007  	3956.334332  	5733.84123  
6057.083669  	10762.13508  	14691.52888  	3969.856981  	5747.639  
6062.674504  	10729.98863  	14695.87582  	3973.392091  	5747.058455  
6060.72627  	10705.49495  	14676.7043  	3977.262562  	5752.581688  
6071.33361  	10727.47527  	14678.03448  	3967.85563  	5752.606228  
6074.899926  	10781.22063  	14705.79642  	3973.302055  	5768.839479  
6068.016103  	10707.27039  	14687.45987  	3973.284121  	5744.952254  
6070.671566  	10672.21968  	14678.33238  	3977.949675  	5755.538303  
6071.431774  	10694.74596  	14691.60622  	3977.377386  	5761.201696  
6084.492139  	10681.92741  	14741.13311  	3985.16133  	5760.253246  
6082.090104  	10742.76793  	14746.34284  	3974.421058  	5757.955922  
6061.320052  	10714.09214  	14736.6629  	3967.214363  	5734.682524  
6059.955175  	10717.20022  	14718.59432  	3955.026947  	5729.286323  
6070.837676  	10652.47595  	14650.2936  	3958.352152  	5740.553042  
6065.197854  	10663.6005  	14679.3251  	3961.811047  	5736.499156  
6065.129382  	10738.68177  	14704.25036  	3969.329016  	5751.612853  
6064.178401  	10712.90614  	14753.43193  	3977.989918  	5736.212442  
6061.747629  	10674.33068  	14711.11538  	3955.213048  	5731.178838  
6066.407559  	10692.30316  	14758.80823  	3973.118959  	5756.584533  
6062.298264  	10740.04431  	14712.38796  	3968.061286  	5747.445569  
6060.595447  	10682.8557  	14736.68656  	3977.539437  	5757.586911  
6074.291652  	10756.35084  	14799.66631  	3993.042979  	5754.064987  
6066.184373  	10798.35134  	14802.14066  	3966.789998  	5745.869831  
6050.643502  	10708.90167  	14762.06046  	3970.665918  	5716.741069  
6059.691765  	10727.84116  	14731.90187  	3962.647518  	5734.934715  
6051.618086  	10799.24163  	14727.70365  	3958.716439  	5725.978696  
6064.085363  	10783.50421  	14714.46252  	3962.735404  	5741.930218  
6065.920533  	10785.09647  	14747.12221  	3967.263292  	5735.032646  
6054.926148  	10784.21288  	14783.45745  	3959.013055  	5725.443227  
6045.389862  	10781.73271  	14747.58088  	3969.442583  	5742.160596  
6058.593473  	10780.16682  	14739.65006  	3962.276454  	5743.066545  
6049.681205  	10782.3982  	14734.66341  	3961.505635  	5722.81584  
6052.010254  	10755.89045  	14732.5216  	3960.636972  	5735.255082  
6056.903826  	10745.81589  	14739.87347  	3965.890378  	5748.906823  
6041.577972  	10773.18928  	14753.00016  	3958.714586  	5732.364264  
6052.495913  	10754.4235  	14704.38131  	3957.852893  	5738.303422  
6050.157917  	10810.47794  	14728.24865  	3958.365372  	5748.724835  
6054.822761  	10703.52792  	14733.5728  	3956.724241  	5724.601144  
6051.701913  	10715.61222  	14698.70695  	3960.544601  	5725.969657  
6050.640341  	10730.10837  	14748.92061  	3965.165687  	5743.072245  
6058.588722  	10748.70158  	14720.38251  	3961.176212  	5750.365488  
6073.70013  	10733.9517  	14744.07976  	3967.346083  	5737.862184  
6061.460967  	10809.13767  	14710.34247  	3961.634976  	5741.755302  
6059.100383  	10710.11845  	14697.83848  	3970.306691  	5746.0958  
6075.106245  	10707.03324  	14760.47821  	3970.736083  	5743.108543  
6066.238898  	10784.16433  	14705.98396  	3965.971171  	5753.785406  
6067.742479  	10725.26153  	14668.1881  	3978.384133  	5754.460645  
6067.382874  	10692.64504  	14691.03997  	3969.674705  	5747.059757  
6063.467235  	10694.38522  	14679.61096  	3968.955696  	5745.05602  
6073.200439  	10670.77354  	14754.47141  	3973.344676  	5747.071874  
6065.02748  	10699.0236  	14725.41942  	3961.927843  	5749.481424  
6074.179269  	10738.61863  	14724.20181  	3964.438366  	5736.569236  
6074.811848  	10738.77605  	14755.04743  	3976.35843  	5745.017726  
6068.141676  	10724.02795  	14733.36167  	3973.725316  	5728.121021  
6068.184181  	10676.68389  	14703.45094  	3975.778075  	5747.99361  
6065.983179  	10726.03945  	14743.43276  	3963.671256  	5753.87094  
6076.855788  	10683.29067  	14714.53401  	3962.915974  	5752.53559  
6072.353057  	10719.65096  	14774.34675  	3981.705568  	5745.209265  
6073.658466  	10701.16156  	14794.06705  	3974.203939  	5765.90603  
6066.844833  	10681.53462  	14767.98134  	3977.324557  	5753.873532  
6083.415369  	10755.48429  	14841.01571  	3991.095055  	5754.279628  
6081.483805  	10731.13459  	14771.37025  	3987.370592  	5757.738504  
6075.695644  	10692.63889  	14759.17949  	3971.801943  	5762.210835  
6077.50461  	10719.83614  	14731.55561  	3985.525038  	5765.387596  
6082.618139  	10759.11746  	14809.91297  	3992.590164  	5766.5361  
6079.711888  	10825.09211  	14799.9197  	3977.974763  	5739.996793  
6066.333586  	10861.68641  	14777.20445  	3981.074592  	5752.164304  
6066.693684  	10800.66554  	14664.03404  	3962.488389  	5746.995792  
6069.399822  	10797.02936  	14716.97849  	3969.571676  	5739.575322  
6064.558435  	10790.25842  	14752.91406  	3970.143817  	5755.157576  
6064.613331  	10663.62592  	14699.25833  	3963.034501  	5748.422601  
6067.946166  	10679.88056  	14640.76075  	3968.161704  	5730.336573  
6058.325427  	10678.48688  	14683.66941  	3959.849328  	5753.012656  
6058.589145  	10722.22329  	14692.38968  	3972.848503  	5749.805489  
6068.611779  	10730.14748  	14685.82025  	3969.83927  	5738.719139  
6062.662566  	10756.74695  	14753.33204  	3976.217807  	5750.22772  
6076.63764  	10730.10304  	14782.23254  	3974.021514  	5732.907441  
6063.831366  	10760.56812  	14824.89547  	3984.428099  	5747.145077  
6068.801188  	10828.03644  	14851.74268  	3983.597128  	5752.163354  
6084.852711  	10745.1125  	14802.19536  	3988.046412  	5760.380211  
6055.889684  	10793.20732  	14816.45481  	3981.599589  	5737.539412  
6058.666643  	10830.22511  	14785.07876  	3963.815687  	5742.451953  
6063.398827  	10810.99492  	14784.56671  	3975.684156  	5743.447097  
6063.248527  	10765.51648  	14733.721  	3966.489651  	5733.529671  
6060.657638  	10795.27148  	14747.41716  	3963.971741  	5748.618661  
6064.529489  	10766.94421  	14759.90145  	3959.770239  	5742.996443  
6066.469777  	10753.51804  	14742.92607  	3965.698077  	5737.15741  
6056.30947  	10778.82234  	14751.62516  	3959.756844  	5745.971722  
6053.840427  	10808.00724  	14752.85005  	3965.800839  	5751.128225  
6069.071571  	10731.12033  	14752.88678  	3971.274671  	5757.105553  
6072.061977  	10818.95979  	14803.85756  	3972.298086  	5751.455606  
6075.849379  	10711.08312  	14742.33909  	3985.879922  	5761.296134  
6059.684526  	10788.2904  	14774.21639  	3974.183635  	5742.136059  
6069.830149  	10719.84671  	14754.66937  	3976.764634  	5747.127016  
6072.228299  	10766.42122  	14788.6301  	3979.845501  	5745.5473  
6080.628197  	10742.12425  	14764.85502  	3971.796045  	5754.246778  
6102.93105  	10745.65891  	14824.97935  	3983.12341  	5759.034391  
6087.709056  	10776.83815  	14787.93411  	3993.092563  	5756.034186  
6087.298754  	10685.81358  	14724.67419  	3989.144454  	5740.328785  
6079.580571  	10783.70943  	14740.4446  	3987.78062  	5754.846128  
6077.022367  	10757.1954  	14692.49474  	3990.057328  	5753.783221  
6078.226761  	10742.79567  	14757.71396  	3990.331473  	5775.734095  
6061.865915  	10755.22785  	14658.01267  	3983.220032  	5741.066889  
6074.116975  	10811.00059  	14715.20415  	3973.291241  	5748.25535  
6070.217549  	10770.31634  	14716.0665  	3962.252065  	5735.901364  
6071.610687  	10733.52413  	14683.03844  	3974.366442  	5754.158532  
6077.78808  	10772.52162  	14750.18391  	3974.460843  	5764.978287  
6077.092411  	10696.28949  	14733.03969  	3973.284381  	5760.121965  
6068.439497  	10791.29168  	14778.39648  	3966.133733  	5745.071901  
6055.87964  	10729.18834  	14719.29384  	3963.730595  	5752.961498  
6069.406145  	10718.25197  	14736.06831  	3991.31198  	5766.890272  
6073.412174  	10806.66629  	14788.18361  	3988.018473  	5754.745021  
6055.493975  	10787.71898  	14758.26985  	3970.478149  	5733.037197  
6040.575107  	10821.98405  	14777.0456  	3957.63474  	5726.912574  
6037.359446  	10775.97073  	14710.79446  	3960.14526  	5724.20471  
6040.765485  	10743.52821  	14713.42158  	3942.094395  	5712.312841  
6040.203204  	10763.78497  	14744.77141  	3958.41374  	5712.886255  
6046.570926  	10719.50659  	14726.59864  	3965.280096  	5734.145472  
6047.069179  	10764.73021  	14720.97997  	3961.304153  	5730.773715  
6043.450687  	10714.82626  	14645.51885  	3945.195171  	5730.934462  
6036.692835  	10724.75446  	14712.68264  	3945.988978  	5728.254446  
6043.279878  	10658.69715  	14684.19399  	3954.37579  	5726.107467  
6052.024327  	10681.05153  	14710.80969  	3963.531287  	5739.321606  
6051.882174  	10734.09679  	14711.58509  	3963.096815  	5744.415163  
6068.022418  	10706.79034  	14701.3892  	3971.586277  	5742.760076  
6068.067638  	10692.05478  	14698.65436  	3974.606038  	5757.236738  
6073.858986  	10736.90213  	14681.77749  	3979.840377  	5739.370985  
6078.821326  	10692.51273  	14758.58503  	3979.999772  	5751.521994  
6058.954524  	10685.91515  	14759.84148  	3971.821213  	5744.150731  
6053.478831  	10675.67534  	14747.55073  	3968.809371  	5740.519806  
6066.087458  	10829.5213  	14809.07387  	3977.723082  	5747.117781  
6056.157677  	10783.57346  	14760.6154  	3961.3406  	5732.378659  
6053.846134  	10770.05492  	14793.00716  	3964.86978  	5725.685261  
6048.819681  	10794.7334  	14749.54062  	3964.971104  	5729.221149  
6054.893171  	10800.84008  	14759.18651  	3960.279232  	5728.066485  
6061.874375  	10721.71903  	14714.67097  	3950.420639  	5735.323535  
6052.089741  	10705.99526  	14683.02866  	3950.547356  	5744.154767  
6053.364329  	10770.53417  	14690.75874  	3956.460914  	5739.685574  
6058.644427  	10742.32465  	14687.94762  	3965.046933  	5757.606289  
6065.012378  	10705.852  	14774.82759  	3960.871776  	5752.577567  
6068.452827  	10753.98048  	14722.86477  	3981.32409  	5754.462086  
6069.308202  	10704.84443  	14721.67955  	3962.932907  	5748.811388  
6072.195326  	10726.85367  	14720.31428  	3971.814805  	5753.521644  
6077.995124  	10755.69111  	14750.9303  	3979.738573  	5744.049205  
6069.115417  	10690.33114  	14690.85839  	3968.74305  	5733.865433  
6071.169021  	10703.76846  	14720.47812  	3978.674761  	5759.141755  
6084.664191  	10728.80192  	14752.59835  	3984.289688  	5762.356295  
6091.322862  	10760.96101  	14801.41198  	3995.872946  	5766.703758  
6083.287168  	10829.8209  	14864.83593  	3992.253758  	5748.178434  
6065.053738  	10788.14422  	14734.04807  	3974.552648  	5740.054672  
6051.095025  	10786.19718  	14681.90262  	3961.909544  	5742.110963  
6041.754438  	10838.45043  	14674.45669  	3954.354958  	5726.660409  
6050.069581  	10799.74677  	14700.66588  	3962.423245  	5737.024544  
6059.306377  	10778.88828  	14695.09953  	3968.518935  	5754.200051  
6048.306477  	10738.86338  	14706.76299  	3955.137199  	5735.40175  
6051.285734  	10677.49468  	14622.50855  	3956.659719  	5733.448269  
6056.403764  	10724.44321  	14687.95823  	3965.421253  	5741.201998  
6056.300359  	10722.39687  	14659.96789  	3952.072528  	5744.050287  
6055.823458  	10683.30201  	14640.33524  	3964.161812  	5732.155352  
6056.331077  	10764.93541  	14709.3284  	3963.863916  	5738.732362  
6049.135405  	10716.28887  	14692.16779  	3952.784829  	5722.702863  
6058.036865  	10798.89226  	14768.17121  	3975.192067  	5764.317157  
6077.20013  	10687.83955  	14754.74367  	3982.600198  	5763.562343  
6083.575429  	10708.57026  	14819.4397  	3986.685631  	5755.647542  
6076.771908  	10742.61252  	14822.76778  	3989.248518  	5746.826829  
6070.829868  	10767.39309  	14821.69106  	3977.874452  	5741.188639  
6064.148853  	10659.93516  	14725.83823  	3963.45594  	5736.169964  
6072.471743  	10651.75441  	14731.4483  	3970.931734  	5738.884383  
6075.253135  	10728.74511  	14746.41707  	3973.080586  	5746.594277  
6078.262284  	10755.25123  	14809.84592  	3980.494252  	5752.163128  
6079.703558  	10667.95495  	14794.73294  	3983.88387  	5750.528899  
6079.125273  	10783.50758  	14790.03979  	3983.07384  	5755.319312  
6071.444549  	10718.66355  	14776.54673  	3973.152479  	5735.590025  
6067.55817  	10773.98946  	14791.78754  	3981.640465  	5742.154429  
6078.565456  	10763.23312  	14795.1773  	3984.433249  	5750.739333  
6087.827087  	10778.49168  	14787.51215  	3980.379206  	5758.619587  
6090.687559  	10794.31665  	14827.15601  	3982.635414  	5754.995642  
6079.112884  	10680.69303  	14809.59205  	3989.292855  	5756.727599  
6082.735753  	10739.62345  	14769.86757  	3983.577671  	5756.983435  
6082.73083  	10792.05845  	14813.29253  	3984.458084  	5742.832043  
6072.683406  	10839.06644  	14728.08283  	3983.995071  	5747.57569  
6081.453008  	10663.28823  	14746.47008  	3986.687678  	5748.497962  
6068.406213  	10763.94877  	14674.58199  	3975.058727  	5738.628457  
6066.009918  	10773.43967  	14715.83379  	3980.213481  	5745.91009  
6069.569056  	10755.23143  	14789.8509  	3981.579833  	5749.931695  
6064.949292  	10773.56493  	14756.10157  	3975.268715  	5738.18014  
6077.99845  	10779.17784  	14734.17394  	3982.949322  	5744.41855  
6075.501004  	10802.69924  	14810.93767  	3988.502419  	5763.000087  
6079.759855  	10773.81148  	14778.59326  	3993.73592  	5761.107958  
6073.309878  	10739.94874  	14803.86166  	3981.54307  	5744.468015  
6072.443384  	10754.96628  	14761.34817  	3974.494441  	5747.552882  
6068.15968  	10653.92294  	14753.69679  	3985.403218  	5744.087936  
6080.808415  	10765.79815  	14864.32894  	4000.737802  	5755.034584  
6074.539433  	10690.74578  	14730.64583  	3987.96018  	5745.883244  
6064.524417  	10724.41645  	14727.18187  	3970.275082  	5747.44008  
6088.538341  	10769.37805  	14834.18118  	3977.518756  	5754.868158  
6090.385856  	10663.74502  	14728.81002  	3990.841218  	5749.228883  
6062.34652  	10763.2621  	14712.80794  	3966.530459  	5734.806981  
6061.838017  	10767.60992  	14699.97141  	3968.946658  	5740.185845  
6074.003849  	10778.52523  	14691.56199  	3970.482154  	5745.903152  
6062.136956  	10804.30757  	14729.58725  	3965.108915  	5748.140926  
6056.71215  	10803.66869  	14805.88524  	3961.226853  	5750.155524  
6047.174208  	10801.48761  	14730.91091  	3957.836525  	5737.446102  
6059.598565  	10741.11397  	14670.29071  	3968.988329  	5747.771451  
6063.624573  	10816.59033  	14733.03588  	3965.783551  	5756.874898  
6059.224463  	10755.61919  	14748.10566  	3966.238569  	5749.400571  
6069.733811  	10756.09181  	14727.03257  	3966.668695  	5757.154686  
6060.049279  	10862.66117  	14764.65358  	3962.030368  	5743.565812  
6051.478601  	10672.18205  	14704.06528  	3969.117565  	5740.475758  
6047.792293  	10702.84193  	14723.90111  	3948.288948  	5740.950729  
6062.324947  	10707.62764  	14686.09715  	3961.913845  	5745.735716  
6068.919358  	10748.89682  	14791.05017  	3962.237576  	5743.170814  
6061.591379  	10638.32177  	14764.70872  	3953.46677  	5733.948535  
6061.857205  	10704.10755  	14769.99457  	3961.485335  	5737.46554  
6059.263473  	10844.74409  	14805.6573  	3962.101903  	5730.748445  
6065.153507  	10732.95883  	14767.33237  	3978.620227  	5744.625199  
6056.678569  	10828.23257  	14778.7022  	3962.566109  	5752.784635  
6054.380118  	10763.38728  	14751.16003  	3964.284401  	5736.598741  
6053.384372  	10790.99025  	14749.54772  	3976.453241  	5746.241862  
6056.259687  	10795.1436  	14718.54323  	3972.694341  	5730.8108  
6056.221199  	10790.99905  	14695.98419  	3968.903401  	5749.288213  
6052.331249  	10726.87318  	14738.25519  	3966.86539  	5727.540573  
6070.175959  	10698.49591  	14761.41284  	3984.772259  	5751.318206  
6066.375785  	10739.38271  	14731.22256  	3990.242462  	5748.577076  
6066.26071  	10786.08106  	14756.95141  	3980.890175  	5745.604218  
6070.533556  	10753.38501  	14735.98832  	3986.644979  	5753.619957  
6075.972171  	10769.10621  	14767.3602  	3979.051817  	5745.809552  
6074.989611  	10790.3455  	14727.47614  	3975.379194  	5757.538246  
6080.240314  	10748.69112  	14788.54814  	3984.956943  	5748.946913  
6080.077537  	10793.25434  	14793.13662  	3999.665459  	5764.737712  
6083.114068  	10730.30095  	14774.71307  	3977.591333  	5736.42236  
6071.594573  	10697.62265  	14688.89419  	3983.48442  	5746.131221  
6069.417136  	10710.90844  	14786.12742  	3972.478963  	5753.540961  
6063.19554  	10677.95218  	14821.60137  	3971.259324  	5726.829852  
6066.908659  	10753.44222  	14778.31071  	3980.4119  	5757.836685  
6072.566965  	10719.59647  	14850.27003  	3971.317904  	5753.291386  
6072.701392  	10747.04472  	14827.00275  	3985.268346  	5734.500482  
6076.931343  	10734.05481  	14775.17504  	3981.098832  	5745.900367  
6065.39147  	10772.15679  	14783.42144  	3966.210866  	5736.428847  
6053.72555  	10786.00555  	14735.98886  	3960.508734  	5741.68596  
6062.247444  	10758.35883  	14753.37785  	3977.248664  	5743.910726  
6066.164422  	10751.69984  	14664.33915  	3968.645315  	5751.456003  
6066.178581  	10712.75454  	14733.13517  	3975.102973  	5735.359848  
6071.244929  	10728.29241  	14733.01857  	3977.310161  	5748.30447  
6074.53833  	10750.14398  	14739.59631  	3988.811957  	5745.469395  
6091.538916  	10738.96008  	14753.7885  	3989.343587  	5746.665892  
6065.874784  	10770.70567  	14717.6491  	3958.283406  	5749.655035  
6068.680464  	10812.33  	14711.52469  	3977.923707  	5745.753198  
6072.144586  	10715.30163  	14787.05865  	3983.767885  	5755.076995  
6072.977411  	10668.36023  	14727.98455  	3980.131477  	5748.010377  
6067.936775  	10723.43737  	14716.72331  	3991.552113  	5767.510552  
6069.026709  	10694.08895  	14729.93886  	3986.941874  	5765.115551  
6068.6532  	10702.97376  	14739.61828  	3976.587855  	5747.754349  
6067.780769  	10684.43786  	14744.51899  	3973.452492  	5744.097102  
6072.372852  	10751.28455  	14758.68236  	3977.768858  	5749.294211  
6069.61721  	10883.2278  	14832.0324  	3978.933561  	5742.372414  
6066.128341  	10674.46615  	14784.30393  	3981.896063  	5746.563018  
6083.124732  	10734.05581  	14864.13809  	3999.450421  	5764.353826  
6060.70427  	10766.26894  	14758.0898  	3979.057801  	5754.696144  
6059.022898  	10809.79525  	14717.50996  	3977.626979  	5743.37714  
6060.629648  	10719.79578  	14749.8892  	3961.87  	5741.924666  
6079.301522  	10713.07036  	14732.51271  	3986.068738  	5744.721134  
6080.596377  	10755.4531  	14788.2494  	3976.779196  	5749.91557  
6087.351976  	10719.3127  	14817.10838  	3983.480342  	5750.198535  
6076.625248  	10697.37162  	14764.32359  	3971.193605  	5739.858489  
6092.293398  	10828.82539  	14861.33974  	3986.598857  	5755.890779  
6106.444639  	10817.19991  	14828.89071  	4007.954114  	5787.166646  
6080.213269  	10777.19801  	14812.79003  	3979.534822  	5759.381293  
6061.021757  	10795.3529  	14793.86533  	3966.217809  	5745.309332  
6064.936324  	10754.63373  	14718.92095  	3960.542498  	5752.184001  
6054.74444  	10823.94671  	14735.04423  	3968.030694  	5740.866494  
6047.955613  	10697.7946  	14693.82902  	3958.735182  	5725.601981  
6053.454496  	10769.73162  	14728.93996  	3969.512742  	5734.634419  
6047.699301  	10789.38605  	14741.72795  	3955.542003  	5734.620211  
6062.645984  	10661.1673  	14692.00438  	3968.45064  	5729.655038  
6045.51501  	10666.58475  	14700.35844  	3968.064545  	5742.758852  
6048.395317  	10685.27477  	14703.12997  	3956.230543  	5731.687696  
6050.102672  	10693.41126  	14688.18127  	3970.918427  	5759.406542  
6051.84604  	10765.75135  	14715.22279  	3978.993082  	5735.051538  
6056.24484  	10691.64895  	14703.97233  	3968.17286  	5745.049545  
6050.566305  	10729.71193  	14719.73973  	3968.022264  	5757.495605  
6058.48373  	10671.70921  	14685.18735  	3965.10213  	5753.822226  
6059.112922  	10637.01283  	14687.72687  	3969.544996  	5725.437856  
6055.004072  	10677.89915  	14664.96015  	3962.061158  	5737.81285  
6077.924986  	10663.78079  	14711.53153  	3974.419163  	5743.550754  
6057.970301  	10729.3839  	14703.41308  	3973.230384  	5747.187578  
6082.582955  	10684.73342  	14742.22407  	3974.40896  	5755.925845  
6077.46583  	10691.83043  	14787.45142  	3975.547985  	5757.167728  
6070.719273  	10778.68795  	14722.32474  	3970.721164  	5737.304823  
6082.706467  	10661.65646  	14761.46369  	3975.707303  	5758.401201  
6084.094179  	10735.79113  	14731.28434  	3975.315935  	5760.183702  
6073.518309  	10689.86293  	14732.6772  	3970.468118  	5748.744309  
6082.040581  	10674.84951  	14719.42038  	3988.622443  	5755.261276  
6094.089826  	10729.11732  	14750.76686  	3987.012393  	5752.486976  
6080.932879  	10766.33737  	14765.66122  	3975.763973  	5748.436068  
6102.987016  	10705.02502  	14681.25528  	3992.00425  	5757.321853  
6091.983486  	10735.2009  	14721.50959  	3993.655137  	5764.282688  
6091.504621  	10694.7169  	14703.31331  	3989.83046  	5782.850125  
6097.336975  	10653.47319  	14745.33147  	3995.35301  	5769.019001  
6071.129616  	10750.49239  	14711.99499  	3972.632289  	5751.052132  
6073.126888  	10731.60109  	14769.03322  	3984.650612  	5753.107241  
6087.744356  	10690.75066  	14749.26201  	3992.000274  	5756.867564  
6079.031052  	10660.63574  	14763.99324  	3978.178218  	5741.969778  
6079.326019  	10774.37198  	14755.51643  	3978.826061  	5753.316409  
6076.902424  	10716.67684  	14769.84042  	3977.998843  	5751.976095  
6075.813611  	10729.49026  	14766.8074  	3982.115469  	5745.219886  
6075.639047  	10766.9136  	14798.35992  	3985.029258  	5760.57481  
6068.727172  	10821.67397  	14815.36633  	3970.737424  	5758.70062  
6068.195957  	10717.24815  	14754.42647  	3969.371077  	5755.253337  
6061.367142  	10693.32713  	14779.07877  	3963.410632  	5734.592951  
6066.423527  	10751.46944  	14742.75027  	3973.1991  	5735.993942  
6069.665799  	10709.30763  	14738.63418  	3972.063762  	5745.764844  
6080.114128  	10723.09706  	14812.87138  	3977.265636  	5755.827968  
6060.288819  	10752.35657  	14740.18945  	3975.919188  	5767.70676  
6066.946563  	10714.79523  	14754.52455  	3967.206113  	5747.169479  
6071.775699  	10734.84706  	14761.74181  	3974.946724  	5741.715504  
6075.019614  	10707.23416  	14756.06227  	3978.043309  	5760.102437  
6075.794361  	10738.78953  	14779.49614  	3970.500572  	5750.39136  
6083.347851  	10715.42992  	14773.28014  	3984.195078  	5762.696931  
6083.878595  	10693.59459  	14801.2978  	3978.478665  	5747.216933  
6079.952105  	10744.9073  	14730.58244  	3965.970027  	5768.756471  
6064.607549  	10677.04004  	14775.62323  	3969.865989  	5739.936951  
6068.656234  	10709.00907  	14733.17832  	3983.89432  	5744.131589  
6077.384686  	10703.26591  	14739.22198  	3995.199539  	5767.2512  
6070.943333  	10702.58292  	14776.2106  	3984.170419  	5757.084256  
6073.275123  	10731.20248  	14773.27217  	3967.562164  	5744.866292  
6066.737326  	10801.6756  	14775.50939  	3973.644361  	5749.842385  
6073.162742  	10679.9598  	14714.0581  	3963.025477  	5757.879205  
6065.873201  	10729.4012  	14691.04513  	3971.546888  	5731.018612  
6079.785079  	10690.33194  	14734.9784  	3975.657445  	5756.244936  
6070.266999  	10793.7901  	14755.25122  	3975.3684  	5757.68741  
6072.052057  	10744.55241  	14730.12897  	3964.819551  	5759.647307  
6064.885976  	10759.81595  	14756.41085  	3966.838531  	5735.954249  
6065.554776  	10784.69399  	14705.04424  	3990.10733  	5744.550628  
6079.023648  	10789.11835  	14791.12242  	3976.884766  	5728.899031  
6066.241171  	10788.45109  	14785.2789  	3972.143719  	5750.641963  
6068.463597  	10763.2623  	14721.84433  	3970.766757  	5759.959051  
6061.665462  	10707.24621  	14737.22954  	3964.330974  	5725.757225  
6066.822575  	10681.52649  	14728.01546  	3962.221405  	5752.364692  
6050.63867  	10718.32034  	14737.84566  	3956.970893  	5749.56464  
6057.383394  	10733.39786  	14690.37698  	3964.186353  	5733.995895  
6060.510998  	10711.25249  	14779.49915  	3971.233235  	5741.114056  
6053.635055  	10747.50292  	14646.26177  	3964.424896  	5726.784475  
6065.91409  	10760.54743  	14692.63349  	3976.754769  	5757.812467  
6067.58017  	10688.6345  	14687.66244  	3965.791202  	5749.961158  
6086.214811  	10770.84571  	14807.81917  	3999.895295  	5764.736624  
6075.071315  	10794.01302  	14799.44315  	3987.400807  	5750.146994  
6067.091679  	10720.83862  	14812.71236  	3980.973535  	5746.480342  
6061.577521  	10817.62334  	14777.62073  	3963.642854  	5734.972096  
6053.003412  	10681.23226  	14679.49326  	3979.119119  	5745.041073  
6059.931011  	10807.11219  	14746.0992  	3961.925788  	5725.82811  
6056.946061  	10784.40484  	14715.57481  	3973.271495  	5743.712589  
6044.797393  	10787.2294  	14755.9241  	3956.628938  	5719.789207  
6053.915179  	10789.19315  	14676.92781  	3956.266598  	5730.400779  
6051.786872  	10718.08509  	14714.9075  	3959.727798  	5740.020348  
