7029.95416  	13858.81323  	19141.13825  	5268.292574  	6738.342376  
7032.146278  	13884.50858  	19046.46777  	5278.292091  	6740.298934  
7030.062607  	13865.81612  	19098.57294  	5283.121486  	6739.920805  
7041.026997  	13874.31678  	19128.0556  	5287.760744  	6762.67324  
7031.44021  	13871.89412  	19127.71389  	5272.835819  	6740.349139  
7030.714846  	13862.29465  	19130.99669  	5291.753149  	6753.693191  
7030.252633  	13838.12539  	19043.78394  	5276.769117  	6742.089476  
7038.810099  	13796.31753  	19069.89971  	5269.914336  	6745.774767  
7025.963707  	13862.29947  	19084.08402  	5268.660831  	6744.329828  
7037.386087  	13850.0718  	19090.74049  	5279.373939  	6741.790383  
7032.406848  	13838.48426  	19091.9848  	5272.790782  	6740.041486  
7040.921802  	13854.47966  	19140.36233  	5284.234852  	6740.289882  
7030.948719  	13868.06233  	19112.21692  	5268.285618  	6760.477102  
7027.62317  	13867.76421  	19162.25917  	5267.780949  	6735.345152  
7042.099963  	13887.97797  	19165.64029  	5285.72052  	6757.600155  
7039.868747  	13906.4025  	19114.37854  	5262.564007  	6748.041233  
7042.220451  	13899.09672  	19143.69751  	5281.667015  	6757.790778  
7032.914575  	13875.82474  	19122.58218  	5268.484847  	6738.352551  
7039.679683  	13877.58603  	19082.54752  	5274.65789  	6738.936484  
7021.221991  	13847.24194  	19059.91158  	5255.215151  	6741.309091  
7029.029922  	13893.44108  	19065.85591  	5273.095424  	6739.836308  
7021.40742  	13817.76229  	19060.16876  	5267.367705  	6734.650357  
7029.376839  	13876.37108  	19052.2385  	5271.023475  	6740.529381  
7030.563786  	13761.86919  	19035.21989  	5276.488282  	6740.836857  
7032.736699  	13855.14496  	19088.23197  	5276.571438  	6743.956314  
7032.154101  	13799.44943  	19117.28168  	5278.361324  	6746.72788  
7040.253964  	13908.3751  	19088.74925  	5284.266068  	6738.751025  
7046.665665  	13872.3825  	19118.90597  	5293.714962  	6754.823715  
7039.748588  	13904.18595  	19112.49408  	5284.177236  	6768.014859  
7039.279541  	13876.59993  	19102.53153  	5282.128034  	6748.448384  
7038.27282  	13852.03804  	19104.20669  	5280.339746  	6752.221074  
7024.573398  	13837.06065  	19085.84199  	5264.345266  	6732.707963  
7021.525806  	13871.13109  	19106.79753  	5272.968045  	6732.330642  
7028.237881  	13773.22462  	19040.62166  	5269.587333  	6739.701904  
7035.057481  	13903.74543  	19098.0553  	5265.186019  	6749.422198  
7023.082302  	13847.2623  	19110.63501  	5271.514875  	6743.74644  
7051.205534  	13860.10397  	19120.44451  	5281.911996  	6752.59215  
7035.274779  	13870.29389  	19119.53871  	5265.840752  	6734.256764  
7043.010484  	13915.71652  	19180.99286  	5271.013426  	6731.816087  
7041.522299  	13910.17001  	19162.16448  	5270.217219  	6727.22806  
7048.5926  	13847.89274  	19137.70193  	5270.308676  	6743.697534  
7041.988154  	13831.81822  	19137.78506  	5264.934307  	6744.095492  
7038.916019  	13811.61997  	19098.03299  	5269.32256  	6746.422698  
7029.202471  	13843.62208  	19109.17766  	5263.771944  	6749.359155  
7036.244035  	13897.06101  	19145.88747  	5273.598981  	6755.079044  
7037.184728  	13840.80714  	19155.37356  	5279.749539  	6740.4622  
7045.872205  	13869.34238  	19103.95703  	5281.49388  	6751.292679  
7043.185463  	13767.29919  	19108.10871  	5289.040357  	6739.732096  
7028.830886  	13815.72634  	19088.13134  	5282.628234  	6734.606503  
7025.481434  	13906.59855  	19112.09207  	5268.26544  	6752.622049  
7016.986262  	13814.94351  	19057.28393  	5269.223764  	6730.307403  
7010.605397  	13810.09752  	19101.82495  	5266.375022  	6728.325334  
7013.038659  	13892.70727  	19077.58774  	5258.161923  	6728.136812  
7004.215849  	13850.76126  	19086.07823  	5251.965353  	6743.498933  
7024.268652  	13837.86558  	19072.64535  	5250.852759  	6725.944143  
7015.472867  	13822.9647  	19046.22153  	5253.954525  	6731.59476  
7022.708632  	13824.74426  	19083.6771  	5271.756162  	6741.423144  
7013.996523  	13851.04979  	19066.47884  	5250.38083  	6718.626483  
7024.264667  	13871.37996  	19095.77326  	5260.80642  	6754.303566  
7023.664188  	13828.41527  	19089.34576  	5265.191253  	6715.195945  
7022.721211  	13780.40196  	19025.4645  	5266.143225  	6741.98134  
7028.456372  	13822.93287  	19041.9947  	5271.844994  	6743.395149  
7016.993829  	13831.43606  	19044.10374  	5271.224849  	6739.664735  
7028.386304  	13857.07212  	19033.57623  	5278.577833  	6739.709135  
7028.615016  	13852.78538  	19137.90095  	5278.036017  	6739.137566  
7038.707805  	13834.85022  	19102.35591  	5265.686912  	6734.340157  
7039.270499  	13887.80737  	19147.86621  	5289.048396  	6748.29592  
7042.955045  	13879.62506  	19094.35459  	5294.559632  	6755.375488  
7030.347204  	13836.75228  	19072.62359  	5276.490701  	6755.253888  
7035.502679  	13884.27237  	19097.60545  	5267.512893  	6742.738188  
7035.957431  	13922.45668  	19123.66543  	5278.656002  	6746.443622  
7028.092761  	13891.02746  	19077.15136  	5259.563754  	6752.787607  
7036.886251  	13879.35435  	19084.21613  	5273.859356  	6744.121052  
7040.597985  	13839.8493  	19117.90122  	5275.690894  	6743.915907  
7037.702175  	13866.02142  	19109.5062  	5274.373061  	6757.048879  
7039.35291  	13869.90773  	19119.39276  	5288.575078  	6740.56077  
7033.35209  	13880.67023  	19051.82419  	5262.299329  	6715.882523  
7041.901103  	13844.88672  	19168.27793  	5267.098786  	6749.932054  
7039.566663  	13917.56593  	19115.61837  	5276.053877  	6742.092885  
7049.16431  	13844.14202  	19152.90703  	5285.599924  	6772.495699  
7042.594024  	13882.84183  	19138.00528  	5267.354934  	6734.84473  
7048.547914  	13860.44128  	19125.51417  	5289.953772  	6774.800341  
7040.737834  	13928.07553  	19180.451  	5273.35814  	6757.990099  
7048.070111  	13883.55877  	19175.75425  	5284.756219  	6758.317467  
7033.041257  	13813.39773  	19109.77956  	5269.967494  	6733.817157  
7023.589092  	13829.48038  	19043.15135  	5262.608809  	6749.736699  
7006.400483  	13795.14676  	19049.57913  	5278.991084  	6747.110665  
7012.755675  	13844.06752  	19029.51494  	5273.144304  	6728.91311  
7018.415821  	13806.64822  	19079.31179  	5264.747701  	6734.611292  
7025.920126  	13852.26212  	19134.48835  	5267.924085  	6730.684646  
7039.164722  	13836.03612  	19086.37414  	5280.952872  	6749.179091  
7036.215467  	13823.10321  	19104.60895  	5273.542569  	6729.175272  
7046.132845  	13839.47047  	19121.37926  	5288.712284  	6761.890526  
7034.298179  	13852.73745  	19060.52394  	5281.299163  	6751.739704  
7037.043275  	13883.84262  	19128.05517  	5282.888288  	6756.062919  
7041.061371  	13895.49512  	19129.39748  	5280.178294  	6759.657881  
7050.696222  	13914.38274  	19121.32121  	5292.628644  	6748.979085  
7042.419394  	13893.84306  	19125.30161  	5274.417739  	6747.561957  
7042.986062  	13906.14485  	19137.60892  	5284.382766  	6746.512117  
7036.787597  	13813.5666  	19052.93466  	5283.685405  	6732.21796  
7032.842672  	13822.28485  	19165.40399  	5262.747056  	6743.515019  
7026.741957  	13835.84215  	19074.49567  	5277.845383  	6738.704629  
7025.520295  	13803.97264  	19061.76354  	5274.751147  	6755.795739  
7030.368347  	13850.14117  	19096.62089  	5266.737503  	6731.109818  
7023.947236  	13784.40621  	19067.84285  	5266.294316  	6741.117778  
7027.399736  	13873.53977  	19040.70984  	5259.570056  	6738.116555  
7026.662209  	13847.07846  	19052.71086  	5278.745774  	6734.610761  
7019.865901  	13810.46555  	19102.97132  	5258.443289  	6748.730502  
7024.829661  	13792.45865  	19052.2135  	5266.137309  	6746.561174  
7030.00265  	13816.33918  	19066.34336  	5267.831927  	6737.855776  
7035.089276  	13886.12304  	19135.71553  	5280.540677  	6753.484336  
7038.692479  	13865.56047  	19123.96834  	5269.83852  	6753.23889  
7037.16395  	13911.09078  	19183.02539  	5285.115518  	6753.327564  
7033.938417  	13923.85004  	19201.54835  	5271.051455  	6756.728437  
7043.615186  	13816.76962  	19119.91283  	5285.587077  	6754.036962  
7054.276956  	13927.64981  	19210.6162  	5302.499387  	6757.590049  
7041.237854  	13877.80176  	19153.79935  	5296.976841  	6761.618842  
7037.008814  	13789.19044  	19121.09887  	5281.319468  	6737.731988  
7030.763975  	13829.30856  	19106.51966  	5273.296076  	6735.717008  
7023.375056  	13840.69464  	19086.04196  	5261.466367  	6746.744213  
7024.769893  	13844.45329  	19067.67988  	5261.963522  	6761.263542  
7031.423361  	13843.73547  	19055.61148  	5280.130718  	6748.967291  
7020.394572  	13857.17259  	19085.81746  	5272.932523  	6734.425546  
7022.516656  	13868.06586  	19083.04799  	5272.890958  	6739.035129  
7035.810684  	13863.27725  	19077.895  	5271.005947  	6737.178871  
7036.828061  	13849.84117  	19114.62098  	5275.981185  	6759.882366  
7039.316486  	13879.64958  	19173.30693  	5274.647501  	6739.74688  
7047.502588  	13947.76498  	19178.09792  	5272.766895  	6742.390589  
7051.087593  	13893.24648  	19170.422  	5283.259023  	6752.626028  
7045.506643  	13939.86698  	19140.84012  	5269.34956  	6738.154219  
7039.391431  	13881.05394  	19122.1562  	5264.826022  	6732.570466  
7026.413305  	13863.68472  	19062.16197  	5271.852399  	6747.425796  
7022.53486  	13893.50194  	19067.21225  	5267.900063  	6748.265423  
7018.528365  	13868.48387  	19039.99818  	5275.932109  	6740.800203  
7032.962999  	13856.04196  	19091.77295  	5262.145359  	6734.112124  
7025.156877  	13855.99205  	19073.51338  	5262.712602  	6752.610966  
7024.576789  	13868.50503  	19076.79496  	5278.966529  	6753.605586  
7022.839338  	13858.24481  	19054.9673  	5272.090588  	6756.622691  
7030.206901  	13827.79482  	19065.47253  	5270.687115  	6747.252372  
7035.995498  	13857.29396  	19126.26747  	5278.633473  	6746.137433  
7028.537858  	13938.80777  	19115.68237  	5271.281337  	6757.438534  
7018.890065  	13834.89481  	19007.10272  	5260.143283  	6742.493502  
7012.719566  	13858.222  	19036.55577  	5266.688414  	6722.247182  
7005.599579  	13828.49978  	19040.63144  	5252.643776  	6744.770948  
7021.116628  	13834.44362  	19076.02616  	5272.513232  	6734.857844  
7027.194518  	13853.36172  	19079.85089  	5279.908048  	6762.94807  
7022.596212  	13863.12272  	19079.18434  	5264.794617  	6723.825726  
7029.508381  	13835.44952  	19055.89166  	5258.21376  	6747.468593  
7034.786563  	13826.6283  	19053.98642  	5263.809081  	6744.002022  
7022.53129  	13877.56791  	19082.46243  	5265.475282  	6734.508518  
7024.452762  	13837.73578  	19054.29872  	5268.95436  	6728.523118  
7031.714955  	13830.1734  	19066.21068  	5267.01584  	6749.775999  
7028.393137  	13799.98749  	19107.37869  	5273.306516  	6753.363706  
7032.440981  	13840.90838  	19117.32639  	5276.332115  	6736.793032  
7022.505104  	13848.41358  	19076.339  	5269.861329  	6755.240376  
7029.093574  	13903.97934  	19096.84205  	5281.311729  	6765.370012  
7030.39389  	13911.29873  	19125.28265  	5275.153409  	6732.480472  
7034.317367  	13904.4507  	19144.4599  	5267.323731  	6739.565309  
7034.134977  	13891.08695  	19106.04513  	5268.055889  	6750.839811  
7040.231965  	13917.49558  	19130.17185  	5292.773803  	6752.66371  
7044.911342  	13893.90843  	19137.80912  	5281.464719  	6739.567473  
7034.247439  	13832.17577  	19153.34904  	5271.895188  	6725.418508  
7038.476513  	13888.51179  	19155.53282  	5279.827149  	6745.000232  
7040.230409  	13953.29615  	19163.21403  	5274.571581  	6731.423858  
7053.467452  	13875.52566  	19150.85447  	5296.658485  	6752.739837  
7037.214667  	13832.42539  	19116.92265  	5277.043782  	6747.650207  
7042.939357  	13833.95467  	19139.44337  	5285.107435  	6749.99607  
7040.088736  	13853.98568  	19145.09302  	5283.675037  	6750.783902  
7041.519093  	13900.091  	19172.78965  	5282.005367  	6741.508491  
7041.87013  	13813.64703  	19107.83293  	5285.34663  	6754.877224  
7033.421315  	13941.71264  	19132.27983  	5289.63994  	6748.934028  
7028.43547  	13870.15572  	19086.19862  	5281.640847  	6725.297303  
7020.108846  	13874.01374  	19094.9326  	5266.857486  	6747.971818  
7026.801835  	13824.80905  	19105.21583  	5275.23279  	6741.460594  
7034.679232  	13826.31608  	19103.01369  	5273.398561  	6742.023184  
7033.827381  	13838.64221  	19075.90314  	5275.879274  	6751.268081  
7042.94185  	13854.97876  	19073.69301  	5290.59557  	6752.859396  
7046.518158  	13887.42346  	19148.57631  	5273.693542  	6739.131812  
7042.346848  	13872.78242  	19187.4445  	5293.334684  	6761.587315  
7045.40969  	13860.14744  	19196.07955  	5281.532448  	6731.978766  
7037.828138  	13787.55242  	19160.44502  	5262.804574  	6732.673714  
7034.760336  	13864.04688  	19153.50445  	5280.809172  	6747.433717  
7045.305027  	13826.72554  	19147.41367  	5281.826118  	6742.662706  
7041.529119  	13819.52681  	19144.20582  	5269.413165  	6745.103133  
7063.252263  	13888.58577  	19122.09537  	5284.151648  	6741.319062  
7048.356198  	13843.94792  	19095.54224  	5270.624876  	6751.117058  
7045.94052  	13855.10204  	19155.11214  	5258.274214  	6746.559459  
7037.703892  	13861.75586  	19099.37778  	5262.054471  	6741.505645  
7038.867906  	13810.29549  	19057.79784  	5256.875687  	6747.571476  
7034.283452  	13828.80387  	19046.53109  	5265.93759  	6753.202052  
7029.453102  	13824.57289  	19061.54153  	5278.603165  	6733.258485  
7041.372542  	13899.45975  	19134.70368  	5265.950492  	6762.259226  
7037.899765  	13857.82307  	19061.17063  	5264.368198  	6738.039717  
7047.342673  	13866.61804  	19066.01278  	5280.429474  	6744.023  
7038.474855  	13830.31301  	19109.41362  	5261.69082  	6744.943444  
7039.078657  	13818.94184  	19080.48395  	5282.456982  	6747.148305  
7041.318874  	13817.83778  	19069.38253  	5287.374022  	6737.205063  
7033.283597  	13830.43241  	19048.17451  	5273.328371  	6745.720691  
7042.361347  	13862.45166  	19078.32021  	5288.931796  	6753.915136  
7031.925808  	13850.06093  	19096.04352  	5280.915331  	6742.576558  
7034.986514  	13890.15099  	19075.09799  	5269.396776  	6740.55602  
7021.884286  	13836.5001  	19065.0965  	5269.960073  	6754.237121  
7018.400518  	13844.4967  	19092.59904  	5254.654063  	6716.441451  
7021.130433  	13853.19847  	19023.70542  	5265.071416  	6747.523823  
7028.063553  	13875.79403  	19067.23156  	5263.466295  	6740.991033  
7024.655179  	13866.64822  	19086.14225  	5272.71836  	6730.820023  
7023.031138  	13854.77348  	19115.32221  	5281.119853  	6733.703089  
7028.757305  	13844.21866  	19107.56822  	5263.647122  	6732.858456  
7022.721833  	13823.25845  	19092.9123  	5267.25147  	6726.422912  
7027.015107  	13921.31351  	19119.87114  	5266.148555  	6728.403634  
7032.620099  	13892.5422  	19132.08825  	5272.31319  	6743.403622  
7031.049383  	13955.86664  	19091.06432  	5284.952115  	6747.264682  
7041.274705  	13926.63074  	19121.86333  	5284.532176  	6753.538276  
7020.11749  	13838.78146  	19070.89842  	5274.69675  	6733.728142  
7025.483371  	13849.1891  	19084.97569  	5276.117052  	6730.226053  
7024.750074  	13838.69878  	19043.19121  	5280.279858  	6718.418237  
7022.331263  	13870.83605  	19091.59008  	5278.855615  	6740.510387  
7022.558598  	13877.1505  	19101.49157  	5268.002219  	6735.793758  
7043.241747  	13927.48407  	19138.73438  	5288.373126  	6755.697784  
7034.507823  	13800.7857  	19110.04067  	5277.096667  	6729.740014  
7027.806488  	13825.31566  	19055.4638  	5274.441544  	6754.977262  
7022.442778  	13789.99523  	19048.11833  	5267.343122  	6740.848931  
7017.80542  	13861.14185  	19063.11998  	5271.247164  	6733.379259  
7021.35909  	13837.52594  	19051.74471  	5270.352353  	6740.271469  
7029.875869  	13845.10868  	19049.02185  	5268.42522  	6730.659222  
7034.16155  	13916.35345  	19098.61866  	5268.608979  	6766.781102  
7026.263076  	13825.98895  	19110.52416  	5283.358724  	6761.656901  
7032.436785  	13857.50902  	19135.89855  	5266.119405  	6742.635332  
7024.18822  	13890.6054  	19118.19626  	5260.544642  	6742.454038  
7021.627136  	13857.98222  	19122.06262  	5255.253583  	6746.677991  
7024.678654  	13833.41124  	19134.81004  	5267.87067  	6732.555604  
7027.456507  	13805.24592  	19100.49014  	5264.325171  	6747.527992  
7034.496235  	13821.58212  	19087.48429  	5268.149998  	6735.389688  
7035.232504  	13810.41517  	19139.56449  	5278.885038  	6736.51142  
7028.202479  	13861.2174  	19094.80023  	5280.969966  	6752.43319  
7024.022129  	13863.57927  	19071.81434  	5271.895086  	6737.371091  
7039.822869  	13867.15295  	19121.38299  	5292.712784  	6742.136677  
7045.555228  	13949.45556  	19201.47134  	5286.487848  	6748.310583  
7045.226893  	13874.30851  	19174.0548  	5280.406427  	6746.647907  
7054.947771  	13833.07325  	19165.8809  	5288.442174  	6756.141701  
7042.120007  	13863.53143  	19171.19294  	5293.327072  	6746.418632  
7044.412356  	13888.47869  	19129.32983  	5283.756686  	6755.282793  
7042.908738  	13884.23684  	19132.51308  	5276.479868  	6752.789828  
7037.692005  	13913.59232  	19087.59062  	5275.1775  	6742.540585  
7027.182263  	13850.53114  	19077.01275  	5276.395352  	6735.234598  
7024.345891  	13834.88968  	19039.26191  	5269.15192  	6733.875404  
7028.020124  	13858.11851  	19045.90064  	5281.450591  	6750.539985  
7035.447976  	13890.79399  	19099.51296  	5283.05408  	6745.666655  
7038.263231  	13829.67661  	19147.90627  	5273.04242  	6739.170564  
7045.068681  	13865.35524  	19112.927  	5284.672771  	6758.031491  
7046.806277  	13869.47952  	19133.12426  	5288.678716  	6760.328969  
7036.709093  	13815.5726  	19128.01221  	5275.976549  	6757.547044  
7025.501644  	13829.56248  	19127.78012  	5270.539061  	6735.439893  
7035.933885  	13797.32292  	19084.18424  	5275.374506  	6761.668936  
7028.906212  	13841.27535  	19102.47232  	5266.211259  	6750.350902  
7039.595217  	13844.37473  	19088.53511  	5280.315755  	6735.215612  
7040.13103  	13903.25927  	19141.89112  	5287.273204  	6762.677487  
7036.295977  	13869.53709  	19070.66213  	5298.336811  	6755.219793  
7025.46176  	13830.77427  	19072.14839  	5266.197603  	6733.414756  
7021.796576  	13836.39811  	19036.8687  	5259.486814  	6728.503704  
7025.842964  	13911.97416  	19102.56728  	5268.691164  	6751.380636  
7014.363505  	13872.17896  	19077.59155  	5269.153231  	6749.602792  
7042.52345  	13887.71622  	19053.56096  	5285.050301  	6755.494858  
7025.819707  	13819.24735  	19054.41929  	5279.413265  	6753.330144  
7034.385736  	13862.01561  	19106.11619  	5272.34734  	6761.476987  
7031.446882  	13820.27909  	19049.53866  	5274.772309  	6747.540145  
7033.349439  	13844.83942  	19080.38425  	5269.609614  	6750.836453  
7034.069117  	13895.23608  	19059.74986  	5278.431417  	6733.832429  
7028.701227  	13906.04352  	19101.96297  	5265.711864  	6759.428186  
7032.538071  	13823.27333  	19084.6381  	5261.848942  	6735.335603  
7030.753182  	13890.52147  	19115.48863  	5271.186578  	6746.701274  
7031.977978  	13838.43223  	19133.20805  	5270.053983  	6713.699614  
7036.410075  	13826.72205  	19121.18193  	5276.852605  	6748.607175  
7034.079325  	13867.65149  	19135.21721  	5266.326043  	6729.532567  
7031.40129  	13852.7895  	19132.78688  	5262.133418  	6744.074903  
7039.822029  	13856.90072  	19089.67998  	5276.831918  	6734.991027  
7034.167929  	13845.18429  	19079.62901  	5283.836048  	6747.018473  
7023.975374  	13832.23068  	19135.61392  	5276.913085  	6733.801022  
7031.740651  	13856.77417  	19087.22899  	5268.486594  	6738.323387  
7042.034047  	13836.1724  	19104.70253  	5280.260499  	6756.645915  
7041.045214  	13874.71959  	19145.63097  	5283.278676  	6744.46349  
7037.136703  	13873.78015  	19099.9946  	5275.235658  	6755.407531  
7034.665366  	13837.75659  	19115.09541  	5276.331582  	6747.13938  
7031.619078  	13811.12361  	19111.09822  	5274.572015  	6763.468557  
7037.961381  	13885.35292  	19127.23237  	5282.906998  	6754.569399  
7038.790712  	13855.74091  	19119.54884  	5278.217797  	6744.911377  
7036.549339  	13882.65032  	19134.15667  	5275.581326  	6739.459485  
7034.245487  	13883.25578  	19102.7647  	5293.588469  	6743.436231  
7040.225174  	13871.88489  	19129.65393  	5282.748546  	6739.137584  
7035.101991  	13866.83917  	19121.60921  	5276.243635  	6719.788891  
7031.741452  	13844.33536  	19140.52206  	5269.159423  	6742.368963  
7028.597408  	13877.22894  	19076.52226  	5264.391231  	6761.68133  
7037.850493  	13813.94606  	19089.97202  	5281.639888  	6763.619195  
7039.278763  	13785.4291  	19057.3555  	5274.829749  	6761.324993  
7037.071076  	13804.73551  	19070.87827  	5275.092911  	6749.103386  
7033.339824  	13882.42438  	19110.76015  	5271.688846  	6757.935897  
7036.544021  	13916.11204  	19102.23193  	5277.584952  	6753.677044  
7043.19725  	13866.35479  	19132.56259  	5270.638003  	6731.251706  
7030.829781  	13775.37992  	19109.73668  	5275.477331  	6743.41988  
7029.677892  	13832.4669  	19090.35456  	5273.096518  	6730.240961  
7027.764802  	13895.2713  	19095.43459  	5263.8673  	6733.472834  
7025.659943  	13818.44908  	19097.75218  	5267.430474  	6746.91239  
7030.597588  	13888.04411  	19108.01695  	5278.775002  	6763.786154  
7032.040533  	13871.52675  	19067.20511  	5277.198153  	6771.308868  
7028.89371  	13871.58431  	19099.21228  	5280.857621  	6748.547369  
7025.802878  	13811.591  	19047.36321  	5268.84745  	6728.190707  
7029.250206  	13849.89009  	19048.01178  	5271.726494  	6738.128162  
7024.022919  	13815.69594  	19077.00147  	5272.516118  	6746.999388  
7032.154781  	13829.2653  	19086.28831  	5275.85914  	6745.237805  
7032.479033  	13845.40281  	19090.42604  	5258.192008  	6736.590299  
7037.670913  	13832.2933  	19101.85645  	5272.631112  	6738.960142  
7028.34749  	13863.85627  	19124.77775  	5276.609273  	6758.607648  
7029.423024  	13827.65949  	19050.05683  	5276.217177  	6742.435698  
7035.902344  	13838.29262  	19078.21511  	5271.288612  	6743.422291  
7036.428654  	13860.11088  	19106.13366  	5277.76741  	6738.775686  
7044.019335  	13906.36963  	19136.77891  	5283.003699  	6740.421269  
7047.917615  	13882.92453  	19187.82014  	5277.360825  	6761.829014  
7040.058314  	13852.51462  	19134.42611  	5277.530551  	6733.791151  
7030.184291  	13888.47119  	19113.46492  	5269.989453  	6743.93914  
7026.898951  	13826.60557  	19091.67284  	5266.057277  	6743.151394  
7020.891779  	13824.48396  	19120.34015  	5263.259353  	6761.503662  
7032.362155  	13877.53163  	19112.20904  	5276.345792  	6749.841776  
7025.603262  	13860.49624  	19118.41665  	5274.95691  	6745.776852  
7023.027526  	13907.4496  	19126.74168  	5273.160968  	6749.435116  
7047.906778  	13875.66358  	19108.35225  	5290.595507  	6757.333183  
7040.515067  	13955.93313  	19161.58541  	5285.610449  	6749.801643  
7047.251279  	13881.39347  	19111.91882  	5271.613635  	6752.471716  
7040.24242  	13893.64942  	19141.92794  	5275.326574  	6736.853675  
7044.613918  	13906.2806  	19124.53141  	5287.678803  	6752.761999  
7043.839429  	13853.73285  	19151.48597  	5286.370009  	6742.401355  
7053.385598  	13931.35847  	19130.68179  	5283.228767  	6753.385483  
7058.932775  	13858.21717  	19176.19113  	5282.512477  	6738.461142  
7048.816454  	13893.55979  	19141.85638  	5281.361627  	6742.375624  
7043.680294  	13894.06293  	19126.93223  	5274.527099  	6740.404815  
7035.313554  	13836.05527  	19131.84219  	5265.651652  	6730.770879  
7035.76793  	13873.80439  	19078.39099  	5264.47913  	6729.19159  
7023.482694  	13900.55272  	19090.21958  	5265.006401  	6727.7033  
7027.234817  	13836.95496  	19058.29645  	5270.377565  	6742.667167  
7035.661855  	13892.55019  	19050.89224  	5268.910164  	6734.062862  
7031.031661  	13852.44079  	19135.80462  	5262.992454  	6736.609957  
7037.37358  	13904.96848  	19070.79522  	5271.338868  	6757.566551  
7037.170965  	13851.91611  	19076.04035  	5260.625886  	6721.693371  
7041.585859  	13881.93226  	19072.6959  	5273.02992  	6742.821669  
7037.306457  	13915.55198  	19049.10718  	5280.014219  	6737.187624  
7034.49339  	13823.53508  	19049.27567  	5290.438315  	6757.654824  
7025.610437  	13825.90828  	19072.3722  	5270.400882  	6753.17284  
7028.691839  	13846.90873  	19119.46554  	5279.102919  	6731.819209  
7024.260419  	13809.04204  	19081.42709  	5270.753736  	6731.317434  
7030.396666  	13862.4523  	19092.82481  	5267.51948  	6737.097382  
7023.149939  	13853.62299  	19073.96882  	5262.673682  	6754.709533  
7035.553675  	13863.05989  	19095.55155  	5278.049001  	6760.446165  
7034.404512  	13857.79138  	19089.86361  	5274.368199  	6730.998406  
7024.047631  	13857.09261  	19016.02902  	5257.938265  	6729.239752  
7035.241863  	13840.83781  	19110.21183  	5278.807975  	6747.531576  
7025.436726  	13859.75286  	19094.38812  	5271.556718  	6752.265854  
7036.782383  	13844.80059  	19060.3545  	5268.236595  	6742.729103  
7029.662924  	13866.47263  	19135.60804  	5258.882078  	6735.635637  
7027.685099  	13768.74305  	19105.62218  	5263.884074  	6763.920199  
7033.822379  	13850.01974  	19119.45086  	5271.571798  	6731.877689  
7030.016332  	13839.0284  	19092.41668  	5282.112146  	6738.331344  
7032.171306  	13894.35753  	19103.27662  	5286.535392  	6759.320511  
7027.84857  	13839.99871  	19107.39459  	5269.106356  	6739.054299  
7032.291472  	13867.9586  	19104.41676  	5272.026186  	6735.742944  
7029.339805  	13876.28581  	19085.43715  	5256.56501  	6745.56584  
7038.184746  	13877.63905  	19062.80717  	5267.560378  	6728.69194  
7032.119212  	13901.88533  	19092.66278  	5255.508483  	6735.305336  
7024.656949  	13882.85474  	19113.45837  	5247.920539  	6724.446006  
7017.989725  	13836.70019  	19038.0714  	5255.171759  	6725.94301  
7023.836021  	13811.72361  	19093.37138  	5260.229813  	6744.937563  
7025.3241  	13815.39522  	19092.57108  	5272.499838  	6745.101258  
7032.259452  	13840.43132  	19102.42838  	5276.420101  	6758.193323  
7037.334248  	13798.06326  	19099.81514  	5286.802258  	6739.725682  
7050.068873  	13796.77661  	19106.71783  	5269.528022  	6743.880109  
7048.664102  	13922.7109  	19142.4923  	5277.343759  	6754.965896  
7054.383899  	13915.99836  	19253.04682  	5286.236225  	6752.036531  
7050.581649  	13909.71313  	19228.78008  	5289.272352  	6733.84215  
7058.107272  	13903.57644  	19169.06843  	5286.903217  	6766.56458  
7052.498783  	13883.43456  	19170.2707  	5280.689152  	6749.10376  
7044.951978  	13871.40992  	19141.62011  	5280.782041  	6761.643624  
7035.783956  	13879.95313  	19108.55685  	5281.863085  	6739.428964  
7026.518572  	13846.68117  	19074.12845  	5263.565412  	6728.065394  
7030.521305  	13876.49001  	19121.90028  	5268.185341  	6760.495497  
7029.336413  	13798.52544  	19087.71421  	5268.422594  	6752.35203  
7020.683786  	13849.28565  	19065.19286  	5257.975289  	6741.480041  
7026.546754  	13816.4012  	19115.54185  	5265.316779  	6737.541585  
7048.209451  	13869.23988  	19113.06634  	5281.13427  	6751.962146  
7038.9886  	13883.27452  	19116.40808  	5281.68873  	6731.173237  
7040.055252  	13856.76764  	19066.55013  	5277.199102  	6752.444152  
7031.3824  	13910.40943  	19076.99249  	5266.211072  	6742.73842  
7020.934643  	13846.36806  	19061.03911  	5266.849036  	6750.951389  
7013.627481  	13831.13068  	19065.45342  	5261.718982  	6727.523431  
7017.274564  	13864.41596  	19082.58737  	5263.8371  	6725.473859  
7009.345263  	13929.19355  	19123.24201  	5269.596356  	6716.436623  
7018.474955  	13869.57944  	19100.66309  	5268.675821  	6732.141629  
7028.954716  	13892.63342  	19129.85578  	5265.545067  	6738.254578  
7031.468262  	13902.98155  	19096.97563  	5280.065706  	6738.555281  
7038.514054  	13851.64267  	19138.73513  	5272.537718  	6742.271719  
7031.9099  	13853.16178  	19088.14202  	5259.310959  	6738.408848  
7030.124123  	13861.81804  	19115.77472  	5286.175668  	6739.298584  
7042.528544  	13905.69561  	19126.71639  	5281.003746  	6749.650948  
7039.844045  	13820.32295  	19098.73195  	5283.647279  	6745.033616  
7038.0057  	13872.41125  	19142.09245  	5268.338489  	6755.71567  
7039.835525  	13823.7596  	19107.18305  	5279.710041  	6757.244894  
7032.291497  	13884.16308  	19112.35303  	5289.353413  	6740.531033  
7032.582481  	13824.59343  	19090.09353  	5286.06491  	6747.034737  
7026.940161  	13867.05847  	19055.51305  	5266.790474  	6729.095435  
7023.218595  	13785.27083  	19062.83767  	5263.96865  	6736.008168  
7020.667784  	13807.65383  	19057.35477  	5274.35568  	6727.169515  
7028.665352  	13912.4555  	19072.6339  	5271.151433  	6739.915512  
7032.209672  	13883.18719  	19122.59198  	5269.236805  	6752.500063  
7022.201994  	13855.95688  	19090.91293  	5264.042598  	6749.056164  
7042.513967  	13922.502  	19133.63219  	5286.242498  	6737.58274  
7043.327995  	13810.03394  	19147.43132  	5285.775711  	6757.258129  
7045.450452  	13833.48537  	19151.4551  	5295.858167  	6754.732461  
7055.269123  	13947.79855  	19169.91312  	5293.891248  	6765.877459  
7054.01343  	13910.99025  	19169.0323  	5287.464782  	6756.85379  
7049.865751  	13874.66222  	19128.38418  	5280.302741  	6737.801188  
7044.639254  	13850.80511  	19108.89563  	5276.5102  	6752.683666  
7034.879263  	13829.53512  	19103.88584  	5269.991617  	6724.6752  
7028.12356  	13875.04421  	19076.85952  	5266.52568  	6754.362534  
7022.408786  	13822.74363  	19087.58305  	5243.844939  	6707.333577  
7030.353678  	13864.11182  	19087.66473  	5278.810441  	6735.434465  
7033.212398  	13858.16891  	19086.78326  	5277.281034  	6751.256474  
7035.969387  	13892.62162  	19103.0937  	5276.969155  	6735.186584  
7037.642919  	13841.76759  	19096.1467  	5267.118765  	6736.348  
7039.949099  	13871.15599  	19138.78657  	5275.271146  	6754.243915  
7037.293807  	13860.45324  	19104.28694  	5276.513482  	6747.242365  
7050.772398  	13840.64995  	19126.24252  	5291.022476  	6757.396647  
7039.694579  	13887.16014  	19139.81615  	5274.640797  	6732.376405  
7038.643115  	13786.24328  	19081.39977  	5291.208058  	6750.030213  
7026.76904  	13823.92337  	19073.90464  	5282.032853  	6725.633819  
7033.49983  	13822.6441  	19141.2611  	5287.089749  	6755.207514  
7022.614058  	13784.67972  	19039.58201  	5262.425998  	6732.762189  
7018.865263  	13810.56129  	19096.90618  	5256.578107  	6723.411757  
7025.417766  	13830.0366  	19091.62963  	5256.925709  	6755.791995  
7028.71724  	13859.68869  	19129.99368  	5269.348166  	6753.134027  
7030.909293  	13842.91811  	19097.9537  	5273.593153  	6737.735147  
7036.409985  	13826.03562  	19122.04523  	5280.814599  	6746.930498  
7043.640937  	13901.63499  	19125.1902  	5285.040936  	6761.994086  
7036.737988  	13937.89606  	19122.50349  	5284.031744  	6759.295027  
7049.476691  	13863.25841  	19121.28905  	5298.027452  	6760.235225  
7035.705661  	13871.99195  	19103.33828  	5274.063978  	6749.665084  
7033.064803  	13836.17891  	19078.73662  	5275.446524  	6741.534493  
7023.988638  	13874.47565  	19105.20872  	5271.949475  	6740.794614  
7029.847529  	13878.68191  	19092.59717  	5271.775101  	6733.674895  
7023.281716  	13897.78253  	19078.57353  	5259.368438  	6742.344705  
7024.733765  	13875.48582  	19072.92584  	5273.029755  	6718.119828  
7033.501933  	13862.86575  	19075.1528  	5267.005051  	6747.782435  
7030.208131  	13884.52648  	19077.7054  	5280.516297  	6760.120651  
7021.725402  	13838.66093  	19080.24996  	5248.981687  	6741.523006  
