7465.613125  	14476.44775  	20035.37606  	5001.684406  	6017.385477  
7451.974954  	14335.2919  	19987.17918  	4985.488328  	6016.186695  
7454.567513  	14321.57122  	19964.6331  	5000.369171  	6013.11329  
7468.086956  	14445.54021  	20045.6102  	4984.827481  	6006.156184  
7471.276732  	14381.08873  	19998.2938  	4996.947863  	6016.330762  
7465.947577  	14377.71785  	20021.13722  	4999.39535  	6031.656799  
7462.604522  	14308.70221  	19999.17184  	4987.73737  	6012.17164  
7475.888099  	14269.47746  	19973.17011  	5001.990592  	6014.984896  
7474.321309  	14333.80872  	19951.80585  	4998.403155  	6001.506899  
7471.933003  	14326.27362  	20065.99287  	5007.083609  	6027.619496  
7459.148656  	14382.54197  	20042.46408  	4993.34002  	6018.537118  
7454.716152  	14426.21809  	19989.5047  	4989.833369  	6015.793632  
7455.094726  	14416.65854  	20033.9526  	4997.45185  	6024.660961  
7459.509548  	14437.60106  	19974.94392  	4999.823284  	6004.328939  
7472.432189  	14377.90601  	20022.85602  	4995.468098  	6016.471442  
7470.409783  	14459.57691  	20062.70524  	5004.536737  	6025.137623  
7473.97138  	14460.65172  	20064.09407  	5010.590587  	6027.01051  
7455.646136  	14321.18211  	19987.34193  	5001.004273  	6017.913116  
7469.557766  	14402.98693  	20033.99747  	4994.948366  	6006.660711  
7468.775586  	14332.97727  	19993.17633  	4990.615179  	6016.690828  
7489.263415  	14431.10939  	20028.15998  	4993.491574  	6013.727283  
7474.988158  	14365.91145  	20044.34412  	4993.360852  	6002.26769  
7465.114835  	14359.46274  	20013.65435  	4989.178086  	6015.444836  
7453.889627  	14320.5033  	20019.77405  	4981.71161  	6006.862347  
7453.004509  	14326.62568  	19979.85369  	4987.253815  	6013.857787  
7453.624526  	14374.29162  	19961.90866  	4990.486703  	6009.29264  
7441.497672  	14371.78827  	19967.00571  	4987.715311  	6011.899131  
7459.496782  	14385.46244  	19976.7643  	4991.531612  	6011.92573  
7463.896032  	14465.91388  	20030.56271  	4987.985864  	6010.858203  
7464.378547  	14416.5392  	20077.0351  	4994.789245  	6003.877891  
7472.584316  	14405.91253  	20110.89159  	4989.995415  	6016.659969  
7478.051439  	14404.51647  	20099.58233  	5006.827317  	6013.774718  
7478.188727  	14371.65161  	20080.6469  	4995.476273  	6015.8227  
7476.67194  	14359.2944  	20062.03482  	4993.899874  	6028.785168  
7469.729134  	14446.10112  	19990.42132  	4993.985487  	6012.287016  
7484.625385  	14407.18585  	20044.53844  	4997.193274  	6022.913746  
7466.906163  	14421.20069  	19988.33365  	4988.158991  	5990.430809  
7456.774016  	14388.27085  	19981.43676  	4971.352727  	6002.467903  
7446.693882  	14296.78835  	19995.54414  	4971.933896  	6017.699186  
7458.382459  	14344.57574  	19978.8978  	4979.530457  	6015.259341  
7472.681781  	14340.20924  	19975.27093  	4995.566521  	6014.599148  
7494.813029  	14428.90323  	20057.31712  	5000.483711  	6024.013991  
7473.270772  	14384.50251  	20022.96337  	5008.705134  	6015.882589  
7455.747508  	14332.46478  	20034.26813  	4985.711882  	5997.056653  
7446.43919  	14242.67244  	19972.6725  	4977.842697  	6011.16431  
7449.720652  	14355.40809  	19966.58509  	4987.799471  	6012.064631  
7451.141666  	14294.54213  	19916.49307  	5002.572858  	6033.584099  
7460.905418  	14398.6599  	20033.66583  	4990.96233  	6005.302312  
7468.013461  	14358.44355  	19975.30272  	4987.387007  	6001.85244  
7471.086326  	14342.50401  	20048.44128  	5002.513857  	6004.816138  
7474.717709  	14348.37628  	20049.94789  	4991.102501  	6012.649221  
7472.173035  	14485.27154  	20046.73229  	5005.333655  	6039.100884  
7472.323559  	14420.49155  	20046.97892  	5001.582269  	6029.766779  
7464.694134  	14351.83958  	20098.92593  	4984.773847  	6004.502842  
7466.518092  	14379.11614  	20024.99378  	4974.867861  	6001.561038  
7478.202801  	14377.62324  	20091.75449  	4992.785739  	6008.329174  
7478.534369  	14419.66595  	20112.368  	4986.49232  	6000.133051  
7472.514378  	14503.81709  	20108.65665  	5006.900942  	6003.976611  
7469.14551  	14324.91196  	20098.83423  	4988.286263  	5997.420883  
7467.248474  	14414.30699  	20099.58518  	4992.615747  	6012.616802  
7478.343383  	14452.34646  	20091.33552  	4998.553496  	6025.021406  
7478.263235  	14492.28349  	20111.48969  	4991.784615  	5990.914111  
7464.692577  	14412.44193  	20126.15683  	4994.028375  	6013.801695  
7470.291046  	14520.89905  	20099.0035  	4992.627508  	6014.131616  
7455.235487  	14381.91699  	20016.69606  	4981.841311  	6022.02644  
7470.132472  	14394.12013  	20015.65606  	5002.007979  	6008.398878  
7483.990885  	14394.13691  	20006.68522  	5001.108757  	6001.672809  
7483.876005  	14494.6983  	20081.71763  	5003.785886  	6003.332414  
7474.421394  	14461.80652  	20025.86231  	5002.059512  	6003.527362  
7469.126591  	14370.4084  	20068.27578  	4988.742203  	6008.259398  
7465.211134  	14412.25643  	20020.54405  	4981.905821  	6025.884772  
7474.878468  	14439.40672  	20000.03807  	4988.572544  	6019.128008  
7478.554233  	14444.42246  	20084.2378  	5004.786231  	6031.160711  
7484.027404  	14357.87527  	20013.52394  	4991.021143  	6004.924229  
7480.245117  	14438.23426  	20048.9206  	4992.293149  	5996.477967  
7465.453831  	14397.44581  	20033.86609  	4995.845347  	6012.766469  
7456.459152  	14382.61952  	20012.44978  	4991.513402  	6018.578128  
7456.523855  	14420.04987  	20034.0494  	4996.631073  	6034.61515  
7478.562219  	14389.64238  	20017.21466  	4990.425105  	6051.603302  
7473.130585  	14471.73525  	20088.73766  	5014.494397  	6024.591227  
7473.519971  	14412.23917  	20051.05632  	4997.63971  	6000.971631  
7472.07867  	14381.67335  	20016.73066  	4996.046841  	6017.653558  
7479.465771  	14396.06474  	20021.85961  	4989.371953  	6024.132969  
7474.953111  	14429.03419  	20050.41696  	4991.016369  	6015.537221  
7469.469675  	14341.06195  	20045.98741  	4992.722072  	6010.180459  
7475.010162  	14384.84723  	20106.10987  	4998.631081  	6010.008271  
7467.717808  	14400.57717  	19990.38147  	4997.209388  	6027.323712  
7454.621678  	14437.83295  	20027.70131  	4990.094324  	6003.468765  
7465.361193  	14327.4247  	19990.82859  	4992.953411  	6002.974088  
7465.703929  	14420.30185  	20036.86137  	5005.536602  	6018.484348  
7467.849287  	14414.20595  	20010.3857  	4984.914104  	6007.321226  
7456.498481  	14361.70674  	20024.88878  	4989.666684  	6007.60026  
7452.542222  	14318.46134  	19958.09787  	5003.56129  	6016.52131  
7450.307243  	14412.38018  	19995.93071  	5003.487058  	6027.495241  
7460.187078  	14322.29627  	20003.62343  	4999.870061  	6018.677617  
7457.953626  	14339.52791  	20037.99296  	4992.686518  	6024.138895  
7469.949803  	14285.00781  	20005.41671  	5004.318461  	6020.998345  
7457.876919  	14373.98209  	19907.6607  	5011.713718  	6016.471713  
7454.089216  	14306.322  	19945.74804  	4989.049596  	6009.953273  
7447.847871  	14373.51316  	19947.00167  	4993.462659  	6006.524658  
7443.985846  	14289.35151  	19956.8484  	4986.299419  	6012.729673  
7447.176778  	14430.52717  	19976.4427  	4977.489583  	5997.594564  
7454.405206  	14362.86779  	19975.17166  	4978.101502  	6009.190339  
7455.434136  	14328.69598  	19951.19442  	4978.379674  	6013.841297  
7458.018316  	14266.53018  	19869.37323  	4999.096987  	6011.769142  
7453.481782  	14331.93336  	19940.6766  	5002.202901  	6005.966577  
7459.308511  	14320.77972  	20009.68061  	4993.162726  	6012.541335  
7452.998402  	14373.24455  	19996.72151  	4983.405178  	6025.520821  
7468.895406  	14370.34721  	20057.21046  	4984.386931  	6008.614116  
7458.004996  	14410.69272  	19978.31709  	4980.595211  	6002.595999  
7470.241515  	14341.2097  	19964.80054  	4990.057915  	6029.640791  
7464.607428  	14361.18447  	20024.3249  	4989.511721  	6007.944333  
7468.871331  	14354.95632  	20014.54187  	4996.008767  	6012.705374  
7491.827928  	14317.50517  	20024.25486  	5005.711498  	6035.960675  
7471.448022  	14408.27515  	19987.31809  	4995.199365  	6023.107211  
7491.536826  	14453.19343  	20074.85346  	5011.419597  	6029.593551  
7472.933056  	14448.61423  	20091.61027  	5001.762529  	6014.749623  
7461.209979  	14442.82519  	20016.14601  	4998.870035  	6007.601029  
7460.929364  	14368.68412  	20036.58926  	4999.495704  	6006.309631  
7459.802453  	14351.86015  	19929.77739  	5003.381991  	6007.725722  
7443.643009  	14331.76457  	19957.98245  	4998.565762  	6017.636212  
7446.992497  	14351.27303  	19943.88201  	4983.631433  	6036.936593  
7442.726888  	14421.30247  	20033.68863  	4994.630622  	6006.200711  
7449.126154  	14566.97094  	20017.29285  	5003.474053  	6034.02603  
7458.058541  	14354.95276  	19972.51677  	4998.868146  	6010.644127  
7456.838375  	14442.06313  	20027.99442  	4992.059  	6024.7968  
7447.522409  	14420.66089  	19965.50565  	5002.33225  	6032.72891  
7445.688705  	14372.02612  	19965.07805  	4985.144832  	5997.421088  
7450.676766  	14380.48485  	19983.20041  	4990.65039  	6015.719419  
7463.485827  	14321.00039  	20010.47337  	5001.188907  	6018.524107  
7469.541157  	14378.76839  	20002.56971  	4999.830501  	6042.834096  
7478.988558  	14358.38808  	20007.76404  	4996.903311  	6027.736394  
7457.762859  	14404.88595  	19983.20435  	4986.226978  	6003.077037  
7444.330279  	14224.64977  	19892.86074  	4991.07813  	5987.710103  
7450.898854  	14394.8159  	19922.11684  	4988.343277  	6010.23134  
7473.68768  	14400.31381  	20007.1748  	4993.874988  	6027.710934  
7465.25269  	14427.06108  	20020.72455  	4981.86209  	5991.007029  
7466.418367  	14392.50919  	19983.97892  	4981.624273  	5995.027802  
7449.870432  	14385.05266  	19969.88705  	4978.44648  	6003.822326  
7470.777216  	14393.65122  	20047.36752  	4988.66615  	6002.762457  
7470.399656  	14434.80418  	20073.18492  	4989.152067  	6024.32468  
7477.08887  	14404.58612  	20112.93434  	4982.181596  	6018.175058  
7466.606465  	14403.69435  	20091.76095  	4983.682879  	6031.275644  
7475.124176  	14442.3278  	20111.24644  	4983.066739  	6010.106524  
7475.323006  	14439.79407  	20127.70489  	4994.275204  	5994.893998  
7463.532254  	14401.564  	20093.31659  	4993.55743  	6017.231906  
7453.359242  	14439.36999  	20120.13036  	4991.391915  	6005.613736  
7464.223119  	14455.05328  	20089.22555  	5000.590262  	6007.152938  
7478.145398  	14405.78671  	20069.33669  	5004.510889  	6020.627013  
7469.998352  	14416.17628  	20124.82905  	4994.091182  	6008.761963  
7483.235952  	14416.44501  	20024.73436  	4994.167105  	6013.246021  
7470.87236  	14323.76931  	20028.87699  	4998.389588  	6011.976776  
7454.321774  	14328.09844  	19997.21973  	4992.490031  	6038.225134  
7456.444008  	14369.30686  	20011.71551  	4990.801985  	6020.701244  
7456.885707  	14423.38095  	19993.8308  	4982.679308  	6026.382309  
7461.014368  	14485.35719  	20070.86476  	4989.747772  	6015.987989  
7471.706923  	14464.36326  	20049.19543  	4994.181895  	6022.779731  
7455.790726  	14283.42839  	20015.07567  	4997.209055  	6000.525345  
7457.926659  	14505.13949  	20076.02579  	5003.373336  	6035.371012  
7471.04731  	14413.97599  	20029.32657  	4990.823121  	6016.787296  
7463.668121  	14514.0306  	20075.93  	4989.05896  	6012.904164  
7457.894225  	14528.39385  	20079.34276  	4979.58045  	5997.934799  
7455.905623  	14440.07222  	19976.09087  	4983.546429  	6014.515185  
7477.941134  	14462.34131  	20097.04538  	4983.17159  	6027.445795  
7457.499644  	14405.70006  	20052.24612  	4986.761426  	6013.799344  
7465.023922  	14281.07499  	20013.95754  	4962.013405  	6006.54525  
7452.71796  	14368.45543  	20014.54213  	4975.7344  	5995.27971  
7452.685712  	14275.6316  	19915.01008  	4982.637303  	5999.444209  
7461.604931  	14428.28124  	20048.27651  	4999.567997  	6023.546348  
7436.591558  	14383.21083  	19946.79773  	4990.913845  	6012.749855  
7439.21082  	14343.65189  	19922.01272  	4988.832693  	6006.064782  
7468.614079  	14367.41236  	19970.70689  	4999.087779  	6008.183027  
7491.068425  	14280.54523  	19972.09049  	5002.694761  	6027.45893  
7483.194223  	14352.94812  	19987.43199  	5019.069678  	6044.424735  
7460.359372  	14276.90352  	19944.04704  	5003.759656  	6026.946687  
7452.470542  	14312.60154  	19955.73316  	4992.453834  	6021.621226  
7449.194463  	14230.5919  	19914.30197  	4991.50104  	5987.579976  
7452.46492  	14304.89315  	19987.32589  	4984.54151  	5998.89388  
7456.234445  	14285.0133  	19965.57125  	4997.317263  	5991.623611  
7447.248042  	14295.22845  	19945.66161  	4991.816915  	6016.934543  
7470.68592  	14419.08785  	19973.31329  	5010.891944  	6034.359574  
7478.346552  	14467.41129  	20050.12198  	5000.541872  	6030.890625  
7478.642168  	14339.66795  	20051.468  	4992.941119  	5998.965624  
7467.746673  	14428.06637  	20108.1844  	5018.903923  	6037.224664  
7452.451127  	14356.02268  	20049.45072  	4995.37821  	6034.579783  
7453.879704  	14269.28265  	20041.10942  	4997.136255  	6024.423916  
7455.223442  	14282.55931  	20002.02614  	4982.856713  	6022.575943  
7467.351502  	14340.54222  	19981.2906  	4996.384476  	6017.593952  
7466.938664  	14411.39921  	20026.04974  	4982.874246  	6000.944149  
7469.263394  	14366.64905  	20023.95967  	5004.178928  	6010.898642  
7469.7608  	14420.54469  	20040.97282  	4995.264207  	6031.021267  
7473.021422  	14346.22348  	20091.81839  	4980.896825  	5992.473268  
7463.584227  	14438.45221  	20079.06398  	5000.892518  	6021.101297  
7473.158655  	14493.00823  	20087.33962  	4999.212334  	6017.150665  
7483.645653  	14440.87709  	20091.36695  	5029.365347  	6042.462921  
7472.372249  	14352.70741  	19966.60854  	4994.406178  	6012.931026  
7464.988655  	14486.05135  	19967.59746  	4992.407243  	5999.509609  
7456.816135  	14303.95215  	19942.37181  	4981.240024  	6009.654396  
7440.025264  	14329.18553  	20006.71458  	4979.175715  	6026.281238  
7460.193034  	14294.0038  	19960.19553  	4999.583487  	5996.330572  
7460.876516  	14332.83012  	20016.45151  	4986.883973  	6008.149685  
7467.181358  	14427.35573  	20039.21057  	4977.49749  	6003.312307  
7465.089614  	14448.49226  	20060.98197  	4987.897672  	5999.150846  
7449.928395  	14501.41711  	20106.95551  	4992.430648  	6006.314152  
7453.495088  	14533.63591  	20060.71039  	4998.796172  	6005.048599  
7461.423526  	14345.77097  	20027.3516  	4993.240649  	6005.121353  
7463.363674  	14368.5774  	20019.50659  	4994.033456  	6030.858802  
7482.780645  	14487.47707  	20079.94285  	5008.63029  	6027.578954  
7486.332941  	14467.17432  	20045.44759  	4993.555938  	6010.546827  
7478.412059  	14384.88427  	20033.11923  	5002.86931  	6005.945394  
7469.070332  	14285.61077  	20019.27999  	4984.7094  	6027.135037  
7459.293818  	14326.95484  	20009.85691  	4988.176599  	6017.078417  
7453.336983  	14404.48601  	20046.44398  	4986.460374  	6017.287878  
7467.609708  	14377.90682  	20026.03366  	5003.172616  	6023.597587  
7472.602214  	14342.36786  	20018.86667  	4996.592945  	6000.786823  
7471.171438  	14410.5231  	20078.05777  	4994.259192  	5990.088394  
7472.827135  	14405.23523  	20115.42416  	4993.043962  	5995.513217  
7481.918271  	14464.84064  	20074.64389  	5002.912453  	6026.559893  
7479.399011  	14334.78512  	20022.71144  	5000.71939  	6002.984152  
7486.945892  	14366.37206  	20056.52632  	5006.586206  	6021.118336  
7479.940805  	14335.35483  	20045.16023  	4999.225397  	6011.85867  
7462.210864  	14274.68729  	19980.08048  	4995.775664  	6021.585184  
7481.304099  	14372.27949  	20021.36481  	5000.443928  	6011.664325  
7483.155172  	14419.81925  	20015.77736  	5009.09301  	6029.930372  
7477.918557  	14378.01961  	20004.90173  	5002.659128  	6027.143091  
7472.858033  	14389.12627  	19967.02846  	5009.513741  	6016.788246  
7450.953941  	14358.51815  	19966.16249  	4995.563882  	6025.300498  
7440.879519  	14326.91076  	20000.99354  	4982.201674  	5996.323281  
7450.154227  	14405.76014  	19990.85906  	5000.551396  	6031.685484  
7467.223443  	14316.39964  	19976.58693  	5013.982222  	6035.917553  
7462.444889  	14370.1568  	20043.51937  	4999.266534  	5999.253698  
7472.294849  	14257.71445  	19998.62332  	5012.562329  	6021.062856  
7466.289293  	14403.08215  	20042.39275  	4993.037048  	6012.470977  
7460.715945  	14373.26039  	20094.04494  	4991.484919  	6001.46563  
7485.748371  	14413.41965  	20096.50903  	4997.219792  	6027.151551  
7467.152163  	14333.47496  	20080.81603  	4982.828101  	5997.31477  
7462.234799  	14368.38585  	19986.28157  	4985.980422  	6027.045853  
7452.825732  	14399.16816  	20036.09593  	4980.227385  	5993.226303  
7465.90633  	14389.25799  	20020.34326  	4983.984337  	6007.452365  
7468.353409  	14427.70407  	20010.37378  	4996.999507  	6014.151138  
7471.103788  	14323.62063  	20003.20885  	4999.218875  	6017.468837  
7451.148592  	14385.5289  	19992.35106  	4990.023868  	6010.067772  
7452.404629  	14453.97987  	19972.02835  	4978.309243  	6003.744469  
7457.552295  	14382.03755  	19955.32528  	4978.237625  	6026.12047  
7461.388382  	14460.57838  	19932.32676  	4975.623148  	6021.262756  
7465.247064  	14312.87708  	20001.4509  	4982.96802  	6010.369291  
7456.067151  	14301.32411  	19966.35315  	4974.572686  	6001.670006  
7458.575985  	14380.89038  	19948.49059  	4998.585045  	6025.537239  
7472.05481  	14360.59319  	20001.36145  	4995.80577  	6017.335519  
7440.828775  	14298.4392  	19995.80358  	4983.978729  	6013.281045  
7452.832283  	14425.87298  	19976.25752  	4986.848075  	6012.551456  
7454.642724  	14454.49932  	20011.18501  	4993.405651  	6001.29831  
7456.402583  	14422.46728  	19963.08148  	4982.422163  	5984.885444  
7458.507345  	14483.33145  	19978.01715  	4981.345531  	5993.621576  
7456.817619  	14286.8286  	19991.19084  	4982.269201  	6009.130422  
7467.190488  	14433.26806  	20027.95679  	4986.020049  	6014.459928  
7466.826088  	14409.41531  	20048.7484  	5015.214543  	6015.078888  
7467.125148  	14351.81071  	20000.922  	4994.215119  	6000.474733  
7460.613311  	14351.60021  	20010.80411  	5002.715506  	6007.418813  
7448.964706  	14379.89636  	19962.94507  	4988.43884  	6009.236678  
7460.13461  	14335.86365  	20013.06382  	4991.482104  	6025.415187  
7462.37811  	14361.11647  	19983.87884  	5007.654603  	6015.831112  
7470.29968  	14392.6001  	20035.45336  	5009.78329  	6020.60775  
7467.299879  	14409.32159  	20054.95774  	5004.446186  	6020.593171  
7473.453497  	14392.62753  	20029.16055  	4998.68009  	6003.341703  
7483.321069  	14379.55065  	20071.38011  	5005.217521  	6019.669988  
7478.250004  	14409.63373  	20046.33605  	5003.649484  	6009.989053  
7483.073545  	14375.16394  	20041.22206  	5010.007742  	6022.912775  
7464.717247  	14369.66428  	20042.46271  	4993.496326  	6015.576151  
7449.385664  	14384.21313  	20002.57023  	4977.229944  	5990.401825  
7465.702981  	14374.96532  	20035.95399  	4987.527241  	6004.575925  
7453.032447  	14457.12561  	20013.94933  	4980.717998  	6002.347786  
7464.880566  	14410.2322  	20034.54689  	4990.994612  	6018.376516  
7454.781436  	14325.07571  	19978.26123  	5001.488225  	6009.992395  
7460.445243  	14363.75949  	20033.1055  	5006.310143  	6020.085705  
7458.031967  	14349.6801  	19956.32897  	4989.942967  	6016.731056  
7461.020636  	14362.21404  	19966.89709  	4988.920649  	6029.176577  
7461.127668  	14401.35297  	19943.80894  	5003.36855  	6031.246727  
7474.498164  	14382.26175  	19986.00419  	5006.606227  	6027.472937  
7473.635811  	14277.0881  	19931.4866  	4998.502753  	6016.242323  
7473.347261  	14257.93634  	19919.13237  	5002.429315  	6037.292493  
7460.250706  	14393.75019  	19928.82708  	5012.775174  	6017.32754  
7472.285124  	14362.11729  	19935.75724  	4999.669214  	6017.071964  
7479.493477  	14445.6787  	20028.19446  	5002.398281  	6010.578686  
7462.267259  	14337.4042  	20066.6452  	4997.583424  	6022.517798  
7461.821835  	14345.76134  	20022.01626  	4975.919869  	5997.389691  
7457.645556  	14395.75579  	20018.59047  	4990.048484  	6025.131218  
7463.77885  	14326.68816  	20052.03306  	4976.268722  	6013.661742  
7465.898202  	14429.67191  	20118.88627  	4999.021547  	6000.131507  
7457.106822  	14272.68894  	20035.27405  	4996.559621  	6016.427508  
7456.902016  	14377.16424  	19993.29347  	4984.989546  	6010.706386  
7455.612916  	14346.45967  	20017.97034  	4986.833013  	6024.83113  
7460.215663  	14345.16899  	20012.3653  	4982.348633  	6024.529677  
7448.390634  	14384.57753  	19973.86347  	4983.311782  	6007.28201  
7450.655789  	14355.27528  	20021.44161  	4993.10462  	6009.370301  
7468.295393  	14417.19812  	19993.27985  	4998.751463  	6002.630883  
7466.538747  	14373.97211  	19992.41676  	5006.017155  	6036.877025  
7468.896962  	14369.82494  	20044.99413  	5017.602804  	6023.275168  
7475.899486  	14297.81077  	20018.66817  	4995.959544  	6008.022078  
7475.728454  	14395.88665  	20037.37175  	4995.213084  	6014.997863  
7475.125286  	14359.36683  	20078.40422  	4996.359787  	6019.294934  
7477.596267  	14353.07348  	19990.89693  	4985.591408  	6009.020429  
7470.354572  	14466.76894  	20020.41019  	4992.898677  	6014.758328  
7459.550788  	14312.48024  	19994.92154  	4986.098142  	6003.544807  
7452.915578  	14390.83922  	20006.1849  	4999.751746  	5998.827947  
7464.943314  	14429.72878  	20030.17438  	4991.605968  	6010.031642  
7460.090051  	14509.01971  	20022.49076  	4998.349406  	6014.90883  
7466.262563  	14403.79464  	19998.35107  	5010.607972  	6023.124792  
7462.666063  	14383.08554  	19999.4763  	5007.828808  	6034.599534  
7462.735052  	14421.2776  	20002.97516  	5003.126062  	6021.586787  
7473.521329  	14386.23692  	20073.71724  	4989.312342  	6008.822962  
7478.506568  	14413.53137  	20045.11744  	4995.201803  	6003.362986  
7480.962152  	14309.51443  	20001.1235  	4999.335904  	6024.898507  
7472.267293  	14280.11154  	19972.88593  	5003.443273  	6016.738589  
7460.704609  	14337.67449  	19927.78859  	4997.849838  	6013.485475  
7470.465581  	14304.3051  	19937.44873  	5001.679336  	6012.946774  
7475.124207  	14359.04621  	20042.26663  	5001.609423  	6038.389826  
7474.767869  	14337.01401  	20037.14252  	5010.017043  	6036.401886  
7476.022266  	14339.20658  	20102.9533  	4995.967097  	6019.112826  
7473.142859  	14438.05228  	20093.2211  	4994.985679  	6016.319643  
7476.380745  	14467.27448  	20083.4431  	4989.565224  	6014.102946  
7470.424315  	14396.64514  	19985.06698  	5006.130852  	6036.271921  
7458.340071  	14295.2309  	19915.10762  	4984.838495  	6014.197028  
7464.298394  	14342.67646  	19959.76233  	4993.168266  	6012.776714  
7463.537343  	14388.0986  	20011.08222  	4995.226909  	6008.2044  
7473.339589  	14446.07498  	20050.95883  	5004.709529  	6024.822474  
7476.128239  	14389.63908  	20044.31176  	5006.802851  	6018.845082  
7461.520366  	14361.29265  	20012.91565  	5002.791762  	6009.680046  
7452.983001  	14403.08247  	20027.60625  	5000.69075  	6025.940158  
7473.262617  	14428.79382  	20074.28119  	5005.729323  	6033.321437  
7469.357737  	14521.23887  	20082.81034  	4998.960477  	6031.841215  
7481.341195  	14505.16982  	20074.35581  	5009.928239  	6048.953128  
7472.688038  	14445.14708  	20069.33286  	5007.152576  	6029.96504  
7473.353756  	14448.25502  	20025.87065  	4997.458593  	6045.98678  
7466.065399  	14437.86747  	20006.11133  	5001.157568  	6029.975791  
7466.766286  	14411.66787  	20043.73268  	4992.237534  	6022.406919  
7457.18372  	14384.02407  	20027.38095  	4984.23703  	6016.93092  
7465.92735  	14368.519  	20070.09859  	4990.02934  	6006.55794  
7459.525339  	14287.17754  	19980.07965  	4991.249585  	6000.843563  
7463.301779  	14279.74433  	19958.20284  	4995.820824  	6026.862232  
7466.156611  	14351.52117  	19935.14558  	5002.692289  	6009.938528  
7459.545987  	14361.99125  	19994.27001  	4989.338835  	6008.588132  
7464.951295  	14310.74888  	20060.45683  	4987.267085  	5999.470161  
7465.184718  	14389.89069  	20151.16967  	4991.346286  	6008.535819  
7475.581163  	14295.84736  	20073.6586  	5009.155415  	6025.834527  
7461.863223  	14328.34156  	20004.17269  	4998.930607  	6034.609143  
7477.161361  	14352.5047  	19970.73804  	4993.99174  	6007.467336  
7470.325798  	14419.44797  	19999.90049  	4993.466974  	6016.344904  
7473.54156  	14342.52454  	20022.47154  	4992.253619  	6005.840998  
7474.267132  	14395.23608  	20075.285  	4988.116272  	6015.924759  
7472.284589  	14425.06463  	20056.50277  	4989.666339  	6014.480562  
7469.097514  	14346.05555  	20028.66288  	4996.438803  	6003.880896  
7461.780119  	14420.3336  	19992.80478  	5000.379334  	6031.60804  
7469.142025  	14402.63903  	19991.82611  	5009.489098  	6013.98936  
7466.779957  	14431.46116  	20023.19903  	4997.420423  	6007.273775  
7453.950554  	14413.58479  	20016.77403  	4987.998273  	6019.48703  
7460.453173  	14422.79398  	20073.36937  	4997.087365  	6009.005115  
7477.038662  	14340.5643  	20001.08685  	4990.445978  	6011.355327  
7470.657448  	14439.89382  	20039.90139  	4974.969186  	6005.372959  
7466.946412  	14363.34283  	20000.58919  	4999.390645  	6003.326639  
7458.300487  	14339.37218  	20042.04506  	4984.090501  	6009.979833  
7453.230446  	14334.82908  	19918.74057  	4984.926384  	6007.368248  
7468.548373  	14438.85431  	20055.00834  	4998.836372  	6021.923692  
7472.64589  	14311.1331  	19986.30194  	4996.919059  	6000.794183  
7468.8091  	14444.22395  	20047.09107  	4979.752191  	5998.02738  
7446.808714  	14258.61056  	19952.76731  	4984.937159  	6020.641089  
7455.146998  	14308.09782  	19989.48354  	4999.195837  	6017.661039  
7468.295346  	14334.86815  	19988.14753  	4997.22299  	6020.930908  
7468.253047  	14311.41784  	19966.7848  	5011.287289  	6029.46463  
7461.517627  	14284.86487  	20035.23842  	4997.601268  	6032.567808  
7470.748811  	14433.35316  	20028.7645  	4997.165372  	6018.688121  
7463.931258  	14424.54698  	20094.09254  	5003.668722  	6019.276955  
7454.550444  	14343.46408  	20013.91629  	4995.675666  	5990.971457  
7462.275574  	14392.1061  	19986.3314  	4986.348108  	6016.878029  
7466.434013  	14322.90772  	20008.39004  	4999.019726  	6028.857726  
7454.012182  	14488.31084  	19985.2728  	4989.72399  	6009.619921  
7434.620935  	14451.5449  	20051.80199  	4993.066373  	5996.707661  
7437.947751  	14382.28626  	19963.86817  	4986.246619  	6008.436282  
7451.694673  	14425.6797  	19989.77249  	4991.714512  	5991.282606  
7455.929048  	14271.2383  	19970.50171  	4984.874433  	5996.155204  
7461.940261  	14299.61036  	20078.7973  	5004.341014  	6006.980445  
7448.395653  	14512.38848  	20052.18484  	4988.678904  	6017.189685  
7451.514935  	14532.06882  	20052.64556  	4999.751748  	6021.632463  
7454.783802  	14387.65879  	20095.89284  	4993.892629  	6019.88797  
7457.907072  	14354.48148  	19968.61097  	4995.63289  	6022.588038  
7483.252646  	14502.55297  	20081.88732  	5009.205614  	6014.369442  
7492.92548  	14390.23819  	20036.94581  	4987.552023  	5994.143835  
7486.043432  	14333.55174  	20128.70289  	4984.86932  	6016.056264  
7474.603149  	14324.34969  	20024.42014  	4985.659124  	6020.14398  
7464.197574  	14299.43114  	19970.11344  	4999.621449  	6025.643907  
7466.749778  	14302.34823  	19983.37965  	4986.6167  	6010.997788  
7461.244903  	14333.82008  	19989.17682  	4991.248717  	6030.928801  
7473.291209  	14292.2372  	20011.61038  	5005.775605  	6033.484966  
7465.848975  	14290.89034  	19945.55243  	4990.236278  	6012.57616  
7488.938612  	14341.18162  	19995.99745  	4997.338572  	6032.990979  
7478.103131  	14304.2666  	19975.2146  	5015.342732  	6013.094416  
7478.081531  	14359.81666  	19939.71149  	5005.81513  	6021.296565  
7468.074675  	14377.6682  	19989.23368  	4995.421612  	6012.928569  
7457.385517  	14363.52864  	19933.78913  	4989.17958  	6015.80551  
7453.927495  	14451.89238  	19995.50848  	4985.723748  	5993.170476  
7470.159011  	14393.45304  	19997.89689  	4999.197094  	6025.933693  
7478.516176  	14365.12164  	19948.73443  	5000.66216  	6037.23439  
7481.754152  	14355.78051  	19964.34485  	4997.89008  	6018.28836  
7469.237722  	14377.98111  	19943.45212  	4988.525009  	6019.985909  
7479.712301  	14380.64744  	20023.12582  	4981.794523  	6021.757767  
7446.254748  	14278.70806  	19987.12598  	5004.438641  	6024.8164  
7451.239547  	14342.67895  	19978.89395  	4981.444231  	6010.676086  
7460.342535  	14219.63062  	19892.02639  	4995.172294  	6002.505841  
7456.972483  	14314.56792  	19965.92867  	4992.271494  	5993.715733  
7459.996682  	14435.19634  	19998.69793  	5007.790598  	6011.9042  
7460.928748  	14507.90656  	20120.33007  	4999.6717  	6005.282992  
7469.121984  	14480.24386  	20145.39396  	4999.370722  	6029.923087  
7461.784848  	14382.31382  	20053.37212  	4996.572225  	6022.934564  
7463.518432  	14322.52904  	20012.36318  	4974.722312  	6020.495352  
7463.01771  	14432.1132  	20032.42487  	4985.341661  	6022.456555  
7465.778364  	14378.39788  	20068.95749  	4991.458061  	6013.270788  
7474.070575  	14392.91127  	20039.39253  	5004.268971  	6017.025457  
7464.970085  	14466.68637  	20038.81554  	4980.459659  	6005.644766  
7492.528216  	14359.39696  	20073.53801  	4988.100721  	6025.367763  
7473.60525  	14412.67147  	20068.5169  	5000.562284  	6028.861479  
7463.35776  	14356.17664  	20076.65739  	4986.410981  	6001.140354  
7472.272119  	14384.45684  	20022.98912  	5000.625637  	6012.614755  
7461.987536  	14411.89192  	19999.59578  	4988.420656  	5995.22555  
7471.106859  	14432.21496  	20018.44406  	4995.414927  	6009.374578  
7469.969006  	14240.72269  	19974.87871  	4999.220884  	6010.487618  
7470.255603  	14426.77908  	20076.21248  	4993.077617  	5995.350779  
7474.979352  	14352.81638  	20010.32565  	4985.153847  	6001.725164  
7469.225558  	14351.18356  	19999.606  	4997.065144  	5987.237256  
7470.665592  	14341.04528  	19949.80292  	4996.770887  	6021.382083  
7461.186528  	14394.25807  	20041.97465  	4988.974112  	6005.134136  
7460.97783  	14379.80206  	20062.16511  	4982.373766  	6019.546338  
7463.438175  	14465.50727  	20034.69331  	4995.618024  	6007.335525  
7474.875319  	14451.6417  	20057.3481  	4999.580121  	6025.597017  
7472.195758  	14450.07589  	20021.35691  	5016.576049  	6036.622155  
7447.292952  	14328.12399  	20038.88502  	4976.694867  	5993.886122  
7457.006796  	14320.04562  	20029.26354  	4985.252051  	5988.538125  
7465.497307  	14389.17494  	20094.9828  	4999.966814  	6023.151355  
7469.519587  	14402.11839  	20079.97319  	4991.457999  	6000.246582  
7457.203843  	14359.59014  	20026.73841  	4990.751771  	6001.669973  
7448.170142  	14315.0269  	20025.07525  	4979.728134  	6010.087734  
7460.615717  	14421.64211  	19962.53314  	4988.138971  	6029.017741  
7460.422822  	14370.34042  	19930.85659  	4990.434098  	6039.265104  
7462.471994  	14381.51486  	19968.67387  	4993.039569  	6030.002842  
7469.884358  	14359.45419  	20006.46876  	5005.861273  	6027.44096  
7455.755962  	14357.95801  	19978.71681  	5005.417661  	5997.926707  
7479.375873  	14431.79573  	20074.18763  	5009.618154  	6024.143398  
7486.340692  	14405.60243  	20077.91088  	5017.421322  	6023.809694  
7464.005321  	14378.08881  	19980.48763  	4992.407912  	6008.453146  
7462.131631  	14414.74498  	19968.02448  	4987.899545  	6014.543285  
7453.388879  	14328.4055  	19974.23457  	4985.539695  	6024.911799  
