7172.950529  	12196.67838  	18100.43868  	3512.275595  	4314.055998  
7180.324642  	12224.79162  	18098.39465  	3503.565401  	4302.241286  
7173.547974  	12169.85635  	18109.78954  	3499.278507  	4304.482033  
7170.566442  	12213.56134  	18081.01083  	3507.469166  	4307.004594  
7157.744546  	12220.02348  	18050.68729  	3504.310282  	4308.146814  
7159.875706  	12277.84557  	18059.23147  	3515.10006  	4304.502891  
7163.13153  	12268.49812  	18033.4124  	3514.578206  	4314.081501  
7169.585552  	12303.13568  	18119.85628  	3523.271374  	4312.233383  
7171.045635  	12201.59283  	18066.88551  	3525.051592  	4295.432976  
7166.120095  	12170.62816  	18020.73632  	3504.738861  	4308.206069  
7162.757533  	12193.24432  	18010.68721  	3511.854099  	4312.890409  
7175.965086  	12249.93599  	18047.4515  	3513.335449  	4310.992264  
7180.277256  	12257.33338  	18123.52819  	3513.629571  	4306.980178  
7178.402231  	12261.13559  	18089.75139  	3515.321727  	4322.314203  
7172.167105  	12256.61374  	18146.49143  	3511.374971  	4321.672432  
7167.6942  	12220.31484  	18082.53279  	3522.968491  	4305.366741  
7166.713728  	12213.23244  	18066.77161  	3504.107853  	4302.242493  
7155.839815  	12198.90276  	18007.34517  	3501.572802  	4314.344647  
7157.436463  	12221.54419  	17970.78815  	3511.738849  	4301.265544  
7162.192175  	12226.36896  	18045.79835  	3499.159944  	4313.919301  
7153.129857  	12251.42467  	18039.6601  	3503.821451  	4305.38026  
7171.77846  	12247.28399  	18058.28273  	3512.517203  	4307.615109  
7166.999059  	12131.06856  	18007.16589  	3507.936555  	4319.656855  
7172.541377  	12150.4916  	18066.54787  	3510.43461  	4303.456927  
7174.038778  	12177.5607  	17990.27971  	3502.229865  	4307.873251  
7166.356396  	12198.43375  	18045.08748  	3509.898216  	4312.199357  
7176.815997  	12264.26242  	18046.65998  	3503.855529  	4306.166289  
7173.255337  	12213.67554  	18074.01672  	3520.213083  	4324.665821  
7181.091802  	12208.51456  	18068.7212  	3512.595258  	4315.227779  
7175.926521  	12162.78516  	18075.26217  	3511.701226  	4306.144949  
7174.397147  	12172.34665  	18018.39197  	3517.479434  	4328.494625  
7171.99104  	12179.03619  	18063.69033  	3509.650103  	4303.993448  
7177.257944  	12200.78563  	18067.89073  	3507.127686  	4300.114366  
7176.606029  	12216.17836  	18047.60334  	3505.503908  	4297.000717  
7160.023904  	12220.81579  	18052.93433  	3509.766498  	4304.338209  
7171.948878  	12220.54598  	18048.5759  	3511.671428  	4292.727  
7175.288203  	12211.40304  	18091.47393  	3491.479959  	4300.861096  
7168.885837  	12228.95486  	18058.37047  	3512.328592  	4297.449803  
7170.27657  	12227.17427  	18055.76845  	3503.820105  	4323.666854  
7176.259505  	12208.29145  	18089.28568  	3510.067678  	4323.290229  
7173.255034  	12202.35592  	18028.62736  	3517.20716  	4320.527357  
7170.270933  	12246.10749  	18071.70048  	3532.828982  	4311.896564  
7171.088091  	12169.5793  	18080.34724  	3515.575424  	4315.694511  
7164.602512  	12220.54785  	18042.50838  	3508.95957  	4319.696568  
7174.618432  	12156.95737  	18033.12473  	3525.776096  	4318.565253  
7172.427479  	12249.49883  	18050.284  	3508.511896  	4304.623863  
7171.691479  	12186.35358  	18080.37103  	3509.20303  	4314.891396  
7188.949031  	12255.25537  	18093.3405  	3513.087048  	4308.328156  
7181.734154  	12196.00339  	18104.50353  	3508.492895  	4302.882439  
7173.063718  	12241.64605  	18114.23601  	3508.359611  	4296.255678  
7169.95016  	12199.00818  	18087.66074  	3500.57324  	4304.191176  
7161.861212  	12278.74818  	18039.33781  	3503.158236  	4294.677678  
7163.822099  	12204.30353  	18088.70652  	3512.849344  	4291.059772  
7159.673877  	12283.25769  	18067.49614  	3503.249281  	4292.935576  
7167.288655  	12248.86773  	18052.57848  	3505.484734  	4297.664919  
7167.31439  	12250.74585  	18171.9196  	3503.963605  	4311.224212  
7172.598429  	12261.91288  	18176.10385  	3502.131583  	4297.098429  
7173.439898  	12277.36091  	18121.87642  	3508.200271  	4314.23617  
7172.265789  	12272.32486  	18121.77902  	3501.890181  	4293.653904  
7170.261996  	12217.48066  	18088.62802  	3518.31735  	4309.467211  
7157.348926  	12278.91251  	18149.02314  	3522.410605  	4319.128743  
7149.108062  	12208.25788  	18022.63758  	3508.585034  	4311.767663  
7155.174731  	12163.27363  	18057.00012  	3517.075313  	4313.443101  
7162.45284  	12179.67539  	17990.60537  	3504.218747  	4310.133029  
7163.588222  	12190.29318  	18088.16981  	3499.652091  	4302.347888  
7164.052378  	12212.85171  	18064.76663  	3505.976836  	4289.418986  
7165.191329  	12150.8386  	18116.79766  	3512.698786  	4294.671412  
7175.008281  	12204.83071  	18086.55115  	3516.048419  	4307.503026  
7162.741744  	12184.46702  	18058.58575  	3514.71766  	4300.497565  
7176.078823  	12235.02546  	18104.73269  	3516.287525  	4320.810391  
7170.548712  	12219.00977  	18025.17965  	3508.782043  	4313.992898  
7171.649514  	12215.13008  	18025.20806  	3509.93714  	4308.920509  
7171.695948  	12251.1949  	18068.7396  	3511.833788  	4315.254501  
7162.106192  	12221.9046  	18085.42185  	3502.392897  	4307.736463  
7159.635152  	12223.47649  	18079.20442  	3527.590649  	4324.718955  
7163.054656  	12244.13179  	18087.61906  	3513.600087  	4300.864878  
7169.151165  	12260.65808  	18060.57291  	3510.500435  	4308.021704  
7168.191348  	12231.2961  	18155.14885  	3512.787645  	4324.289632  
7186.301404  	12209.55843  	18087.14164  	3505.503396  	4306.856326  
7175.915148  	12249.38339  	18107.39476  	3507.383116  	4308.276143  
7174.511491  	12230.16007  	18080.11162  	3508.758715  	4314.395173  
7184.059592  	12301.84042  	18114.79643  	3509.560349  	4312.535224  
7171.135083  	12348.11992  	18102.73892  	3507.352132  	4309.341536  
7159.342976  	12257.29588  	18030.92992  	3522.521862  	4324.101394  
7167.019588  	12252.44506  	18006.2793  	3500.286853  	4298.788642  
7168.014442  	12303.9876  	18070.19932  	3503.099527  	4306.08609  
7164.865228  	12171.84058  	18101.96266  	3500.099718  	4300.759695  
7160.549021  	12279.68977  	18064.75257  	3497.487935  	4302.270545  
7165.494514  	12210.64523  	18029.98801  	3507.30957  	4310.403729  
7165.694591  	12264.69736  	18025.77316  	3497.845861  	4300.49288  
7171.337687  	12283.77973  	18035.07701  	3512.551431  	4289.873906  
7170.433922  	12234.92744  	18002.6015  	3511.190233  	4296.491841  
7163.896183  	12289.21103  	18073.24866  	3524.164088  	4300.425016  
7174.164477  	12274.55421  	18039.61593  	3515.042348  	4302.472909  
7171.849168  	12205.25231  	18077.2598  	3512.458047  	4287.023308  
7172.68163  	12267.02124  	18091.06289  	3511.763763  	4310.962656  
7177.205455  	12195.83584  	18085.02803  	3527.702578  	4320.293991  
7162.474048  	12206.2372  	18088.90207  	3508.097736  	4315.552681  
7173.975135  	12205.29885  	18074.83891  	3507.09203  	4309.490937  
7172.174091  	12202.01947  	18106.93994  	3508.862786  	4311.333941  
7170.981082  	12240.03769  	18102.68833  	3529.714044  	4311.162044  
7173.637285  	12201.55493  	18060.91781  	3522.708993  	4315.190766  
7175.209663  	12197.67365  	18104.45525  	3527.684628  	4315.969353  
7176.399908  	12176.00495  	18072.77163  	3502.632391  	4318.804363  
7171.408499  	12197.18435  	18033.04715  	3523.570936  	4318.252255  
7180.368317  	12191.70226  	18017.54992  	3498.682477  	4321.403565  
7171.149341  	12192.02588  	18035.38435  	3512.415988  	4308.026735  
7180.797488  	12202.15063  	18004.85814  	3505.92954  	4314.213056  
7174.139297  	12246.69629  	18019.45991  	3502.50752  	4310.859755  
7170.634945  	12184.72017  	18034.94392  	3508.233215  	4317.954815  
7163.470881  	12179.93558  	18095.85171  	3508.39906  	4308.754286  
7165.231945  	12187.37593  	18060.72821  	3497.55619  	4311.863415  
7158.263775  	12191.58679  	17996.59418  	3505.820566  	4304.251204  
7161.808318  	12209.6041  	18044.82515  	3517.106524  	4322.123083  
7163.393267  	12258.52132  	18023.28329  	3515.909649  	4318.81263  
7164.264818  	12236.46688  	18053.52498  	3503.081647  	4301.427199  
7160.323124  	12207.42292  	17986.13156  	3503.238974  	4304.91676  
7163.553542  	12149.90388  	18025.39226  	3504.187399  	4304.394096  
7172.532101  	12176.91586  	18027.27854  	3500.382602  	4303.609771  
7180.308373  	12186.13738  	18074.15544  	3520.309863  	4314.119222  
7191.65581  	12158.89267  	18109.6398  	3509.973914  	4321.276874  
7179.282136  	12244.79272  	18127.55637  	3495.707451  	4291.194941  
7179.591785  	12195.30518  	18120.87098  	3514.645982  	4316.35026  
7173.085378  	12202.61729  	18081.49338  	3501.626539  	4298.831586  
7160.553746  	12267.61358  	18104.18759  	3508.181603  	4295.307852  
7163.375973  	12173.18607  	18069.44514  	3522.549134  	4309.248558  
7152.164535  	12207.85841  	18045.04463  	3504.827807  	4306.127008  
7163.136922  	12226.74214  	18025.10353  	3504.693483  	4296.058678  
7158.654595  	12266.90191  	18001.87072  	3537.355909  	4326.219483  
7170.47561  	12182.7452  	18098.00226  	3514.264606  	4309.83572  
7160.010597  	12214.37893  	18098.98894  	3515.438921  	4302.474573  
7167.277838  	12226.15413  	18111.39329  	3520.930816  	4313.954437  
7170.938603  	12281.12815  	18072.36052  	3504.705664  	4309.833684  
7159.340508  	12323.28136  	18066.62595  	3514.534363  	4305.529976  
7153.971555  	12237.86731  	18034.11041  	3513.377245  	4320.616408  
7155.008421  	12304.47619  	18081.21373  	3517.933006  	4295.750159  
7161.622777  	12228.67708  	18080.38103  	3519.858993  	4304.533785  
7173.479526  	12203.75698  	18060.695  	3506.597827  	4318.233633  
7175.989436  	12258.72849  	18044.13283  	3510.143038  	4330.261151  
7166.668504  	12206.48186  	18046.36262  	3511.016966  	4322.645705  
7167.861014  	12185.62263  	18033.45416  	3509.390731  	4308.262968  
7160.217151  	12200.87919  	18034.2178  	3507.788735  	4315.071181  
7165.399925  	12206.20334  	18067.97582  	3521.94962  	4311.022343  
7176.610253  	12207.1059  	18021.52509  	3510.592473  	4321.554606  
7168.893895  	12196.30866  	18056.92501  	3508.68709  	4311.393293  
7178.728383  	12210.80034  	18051.74344  	3507.216331  	4309.617397  
7186.833832  	12178.9374  	18067.78184  	3507.912006  	4307.600617  
7178.022957  	12259.33185  	18070.36057  	3502.624777  	4305.433916  
7166.20497  	12256.6364  	18086.21089  	3515.737654  	4315.869028  
7177.49635  	12266.59249  	18092.04938  	3519.435723  	4311.699464  
7175.35265  	12263.7868  	18080.52504  	3516.003482  	4318.734456  
7186.51307  	12172.375  	18090.04986  	3508.250485  	4307.263847  
7181.029883  	12205.36926  	18132.24635  	3503.259645  	4317.873663  
7175.408353  	12273.97618  	18116.5939  	3480.869043  	4322.556741  
7168.8922  	12218.52569  	18113.74477  	3501.799186  	4325.535606  
7171.341422  	12188.98102  	18088.11102  	3514.951292  	4296.553007  
7157.543878  	12218.23484  	18063.04126  	3509.530994  	4312.650839  
7157.38988  	12149.64493  	18057.87305  	3504.29641  	4301.125963  
7158.387515  	12189.58528  	18027.13256  	3510.520446  	4294.764046  
7153.950034  	12185.4635  	18035.56922  	3508.940952  	4289.606383  
7161.152577  	12144.40647  	18026.18682  	3506.028179  	4294.91085  
7161.280674  	12185.75193  	18048.84236  	3504.29239  	4315.614413  
7170.711308  	12146.40001  	18062.83711  	3512.030549  	4298.511876  
7166.881918  	12222.41273  	18080.31817  	3511.388564  	4303.186714  
7173.486204  	12218.40691  	18044.76675  	3501.384892  	4301.880657  
7163.165412  	12241.8496  	18050.02983  	3505.466041  	4294.600159  
7182.137217  	12210.46497  	18070.26814  	3516.574222  	4307.33494  
7171.067744  	12183.27423  	18059.30517  	3519.10818  	4307.120239  
7168.353088  	12196.40258  	18030.85451  	3504.248084  	4307.046387  
7173.332255  	12225.73586  	18073.19835  	3513.003306  	4304.221951  
7157.055275  	12321.33225  	18060.44957  	3521.990261  	4312.15722  
7163.169154  	12286.16041  	18056.08241  	3504.37683  	4321.837053  
7166.919881  	12300.71045  	18060.35616  	3508.63899  	4309.983177  
7179.956817  	12200.94632  	18098.67334  	3511.517367  	4322.549662  
7173.252638  	12282.92309  	18122.22039  	3516.150639  	4302.171991  
7175.150943  	12269.88728  	18031.34437  	3506.833196  	4302.372112  
7171.409516  	12244.33918  	18025.99538  	3502.646042  	4303.983436  
7166.19861  	12215.36816  	18026.76017  	3500.228024  	4301.630799  
7167.474481  	12264.97597  	18061.94675  	3521.371721  	4298.39391  
7167.926908  	12185.01878  	18020.11748  	3505.351953  	4307.135494  
7160.366543  	12186.98196  	18049.64502  	3496.04345  	4320.607218  
7172.586019  	12185.44953  	18089.26146  	3514.894928  	4298.147633  
7171.354899  	12221.57141  	18087.45217  	3526.405757  	4307.261457  
7169.109485  	12252.7014  	18095.90524  	3522.068647  	4303.796119  
7176.534912  	12210.16173  	18068.14352  	3521.553815  	4298.779953  
7180.274278  	12216.21105  	18035.45529  	3515.172066  	4301.461765  
7180.523887  	12195.68535  	18099.29362  	3505.881758  	4295.597442  
7164.906231  	12235.90829  	18064.05043  	3511.4785  	4308.144786  
7170.320459  	12250.73567  	18131.05662  	3519.089137  	4303.762128  
7169.393881  	12266.35164  	18066.15068  	3511.919284  	4323.112818  
7158.902774  	12210.4533  	18077.45153  	3529.373078  	4323.401906  
7165.658367  	12335.04837  	18083.99934  	3516.690494  	4315.861752  
7158.01074  	12272.93679  	18102.16612  	3518.291883  	4320.155698  
7171.114836  	12244.59555  	18067.45679  	3501.160086  	4294.057031  
7171.293146  	12205.60418  	18075.76566  	3495.373762  	4297.310401  
7182.37891  	12232.38177  	18076.59707  	3505.591462  	4311.143379  
7174.647608  	12241.44301  	18059.63995  	3508.000571  	4323.746403  
7179.502012  	12233.14302  	18070.99719  	3500.254775  	4290.925982  
7171.664864  	12268.37116  	18058.49637  	3520.657661  	4320.635303  
7168.893521  	12250.37813  	18074.64631  	3508.385175  	4312.71607  
7173.40092  	12201.46114  	18084.33419  	3523.670446  	4305.186749  
7165.802133  	12213.41066  	18067.63191  	3484.335008  	4290.270841  
7167.192947  	12230.53964  	18096.45926  	3515.03143  	4306.036504  
7179.265856  	12230.56943  	18041.30347  	3502.723414  	4307.750095  
7175.225186  	12194.40553  	18069.55412  	3520.256011  	4314.744632  
7169.35006  	12232.92504  	18061.59539  	3499.170709  	4323.191744  
7186.835993  	12198.65645  	18105.14951  	3518.173634  	4322.978145  
7170.797299  	12168.5048  	18060.64309  	3511.271676  	4299.542341  
7173.81882  	12153.88543  	18054.27935  	3518.346312  	4307.572742  
7174.491703  	12150.52974  	18066.50535  	3500.35034  	4299.342881  
7164.0007  	12161.30835  	18032.84471  	3498.463056  	4300.255156  
7184.844559  	12190.15381  	18073.41372  	3510.880421  	4299.669949  
7167.613366  	12170.64431  	18033.31436  	3493.252737  	4302.944129  
7171.966655  	12147.37347  	18047.30538  	3516.821731  	4302.682812  
7171.738976  	12221.99142  	18069.13589  	3516.191444  	4318.541314  
7167.513531  	12204.96147  	17992.42224  	3528.081523  	4314.008647  
7166.429524  	12195.73695  	18000.76723  	3510.046711  	4297.541006  
7164.846976  	12184.48783  	17980.77447  	3522.819681  	4296.155129  
7163.123751  	12114.95417  	18016.48063  	3503.215359  	4300.950895  
7167.320206  	12183.21861  	18016.89283  	3490.755041  	4303.18734  
7168.940535  	12172.28536  	18031.00471  	3509.354596  	4302.530062  
7169.453901  	12202.7623  	18020.8891  	3520.028393  	4301.073885  
7172.036039  	12174.92267  	18013.03453  	3496.220058  	4298.039134  
7170.620488  	12161.00233  	18050.47968  	3510.211379  	4305.728264  
7156.441697  	12214.87818  	18029.35528  	3512.458406  	4305.213214  
7155.491447  	12189.43244  	18038.40477  	3505.247462  	4303.576545  
7163.885393  	12194.66417  	17984.83552  	3508.070027  	4293.608648  
7160.571286  	12228.02879  	18086.26274  	3508.432914  	4317.605647  
7178.909367  	12228.64655  	18050.57978  	3507.14332  	4314.05059  
7165.313043  	12203.12292  	18087.84682  	3506.032359  	4314.96951  
7165.889165  	12243.28959  	18108.64433  	3507.18095  	4293.368003  
7174.16356  	12198.4363  	18130.49091  	3513.090452  	4311.596546  
7176.693701  	12242.25427  	18106.3565  	3519.490772  	4310.708562  
7171.878102  	12272.10979  	18070.00827  	3503.866517  	4312.866515  
7167.233817  	12215.93736  	18087.14455  	3499.891967  	4315.655695  
7178.743073  	12257.59613  	18071.71529  	3501.699301  	4302.78548  
7172.381363  	12221.88772  	18069.28418  	3503.615195  	4299.212916  
7164.337619  	12219.37239  	18071.62321  	3511.548225  	4304.112015  
7166.520688  	12181.60055  	18056.08034  	3501.148375  	4316.473079  
7167.764215  	12247.58214  	18043.19975  	3506.957708  	4306.871941  
7167.916282  	12311.11545  	18034.67952  	3503.925616  	4302.96851  
7157.966031  	12236.51427  	18038.27419  	3513.098061  	4314.363987  
7164.124284  	12255.96228  	18029.54143  	3508.390223  	4308.119615  
7170.910656  	12206.43925  	18032.34915  	3515.663452  	4314.28088  
7169.776036  	12231.83755  	17956.00734  	3514.919165  	4323.483417  
7164.551061  	12148.45906  	18003.37481  	3521.060389  	4300.525073  
7165.153684  	12149.76592  	17984.22937  	3508.643458  	4316.418613  
7173.96732  	12197.55173  	18001.59382  	3498.943434  	4306.521805  
7169.628178  	12168.52399  	17999.52654  	3500.942291  	4299.134918  
7174.049537  	12246.35448  	18033.64586  	3512.758138  	4302.539955  
7175.183058  	12211.69897  	18053.67031  	3509.90203  	4311.669057  
7171.921521  	12163.61239  	18033.89908  	3510.582164  	4313.042807  
7180.503005  	12213.52031  	18105.0998  	3515.823662  	4302.800202  
7178.235868  	12168.95763  	18027.17337  	3508.273509  	4308.827769  
7169.346419  	12163.15327  	18071.84499  	3503.282818  	4300.871386  
7184.478838  	12212.36969  	18076.07485  	3513.058141  	4324.667618  
7182.74552  	12244.98426  	18099.21149  	3518.122291  	4308.104617  
7176.277475  	12226.4337  	18092.77205  	3505.616643  	4315.698608  
7176.560504  	12198.33665  	18078.16561  	3518.543954  	4322.642805  
7167.162457  	12215.15561  	18136.95462  	3510.815619  	4300.957125  
7173.818834  	12243.05881  	18086.52566  	3515.662243  	4320.012683  
7165.635773  	12222.83722  	18075.41036  	3506.84484  	4317.301646  
7172.064617  	12248.96929  	18112.01343  	3519.500952  	4310.215815  
7168.19531  	12178.17382  	18075.12543  	3496.14361  	4288.088654  
7162.596161  	12188.94582  	18095.05887  	3517.756135  	4332.401103  
7162.885427  	12218.48609  	18082.79371  	3512.568593  	4309.842555  
7164.038233  	12145.20783  	18041.69174  	3508.903184  	4333.525254  
7172.4475  	12196.8437  	18071.06362  	3522.001904  	4320.455282  
7182.112035  	12189.77751  	18077.85806  	3517.49222  	4303.241035  
7175.871014  	12281.22634  	18097.02379  	3504.387787  	4310.656352  
7169.16301  	12282.59471  	18101.86431  	3501.368076  	4292.777326  
7169.150176  	12282.29984  	18090.94732  	3511.323703  	4308.490516  
7154.616626  	12267.20937  	18066.40993  	3512.101912  	4316.995834  
7144.777376  	12292.29195  	18088.34017  	3512.051567  	4303.031423  
7152.669907  	12302.04353  	18157.98555  	3518.643522  	4292.553071  
7160.445042  	12249.86976  	18077.36036  	3498.817181  	4302.054058  
7161.175834  	12220.56718  	18088.34011  	3510.090168  	4298.797989  
7167.589146  	12235.146  	18073.54272  	3507.30815  	4299.629648  
7156.243307  	12200.22545  	18079.62572  	3512.154846  	4307.935904  
7163.431769  	12181.38478  	18015.58785  	3514.635039  	4299.878301  
7167.094682  	12278.52432  	18052.39438  	3522.347037  	4310.111682  
7177.175691  	12239.21005  	18082.7656  	3504.452169  	4309.599823  
7181.642404  	12198.63452  	18057.49933  	3519.932958  	4311.754072  
7178.939897  	12208.00779  	18107.97558  	3518.385583  	4318.953133  
7181.088219  	12226.12314  	18150.09696  	3530.04372  	4310.262062  
7174.512414  	12206.55712  	18107.94939  	3500.045252  	4287.204071  
7178.232203  	12257.94445  	18112.97375  	3519.960726  	4318.888966  
7167.088767  	12266.72588  	18147.80264  	3520.845505  	4314.986649  
7164.865099  	12187.15292  	18067.46156  	3529.865828  	4324.458318  
7180.041469  	12255.20968  	18122.33103  	3511.314539  	4305.912711  
7183.622919  	12196.63811  	18062.80695  	3504.549566  	4319.560707  
7178.836342  	12199.64849  	18086.80023  	3509.022751  	4313.777648  
7173.394298  	12203.73052  	18064.46148  	3511.375015  	4292.266555  
7168.069735  	12217.06443  	18048.95023  	3501.849747  	4316.35285  
7164.464855  	12259.75026  	18118.24732  	3510.493472  	4317.445835  
7163.63734  	12183.37587  	18081.74003  	3518.391446  	4315.73861  
7173.10898  	12176.56875  	18125.76507  	3509.541193  	4300.910381  
7167.7403  	12199.3965  	18116.03761  	3498.787645  	4284.886358  
7174.254397  	12264.18311  	18062.15683  	3500.554087  	4298.841405  
7169.978923  	12182.92769  	18055.75824  	3505.713753  	4307.147209  
7162.562678  	12264.11548  	18104.05065  	3505.609891  	4290.583231  
7154.576337  	12224.78137  	18047.05679  	3499.611797  	4307.462346  
7172.004978  	12231.13246  	18060.66565  	3514.459097  	4303.571013  
7161.366705  	12252.21767  	18078.98047  	3509.286589  	4297.499233  
7169.847995  	12244.25328  	18094.0648  	3511.538547  	4313.134833  
7176.059433  	12222.93001  	18082.05085  	3512.177974  	4312.945206  
7170.94511  	12235.01673  	18148.04215  	3509.178541  	4306.805444  
7169.20682  	12257.67976  	18084.52543  	3508.448381  	4319.573761  
7169.085714  	12187.31827  	18062.91391  	3513.522021  	4309.130628  
7167.615699  	12223.75834  	18058.39876  	3512.749473  	4316.498964  
7164.802034  	12227.21327  	18052.86029  	3517.553945  	4334.600632  
7161.292718  	12210.72169  	18052.94752  	3514.842467  	4319.9017  
7160.280492  	12236.93397  	18024.46941  	3501.511555  	4318.08234  
7163.790074  	12162.03734  	18035.80279  	3520.889263  	4310.794716  
7178.626702  	12208.94717  	18058.01098  	3509.08771  	4308.239403  
7176.880938  	12172.9587  	18055.33878  	3519.054409  	4300.293838  
7177.011743  	12194.89139  	18025.29769  	3517.608368  	4304.221975  
7170.114545  	12154.31389  	18005.16178  	3516.700455  	4305.267307  
7161.563785  	12222.62306  	18034.48132  	3511.634214  	4307.661828  
7167.705392  	12212.79574  	18033.24076  	3507.182354  	4305.517382  
7166.964633  	12253.50253  	18049.08987  	3509.447167  	4321.468514  
7164.415859  	12208.19725  	18065.24031  	3515.440469  	4292.008517  
7166.853229  	12211.2686  	18064.19235  	3517.090397  	4324.371014  
7166.882835  	12197.9414  	18079.98757  	3512.415082  	4330.307029  
7176.126133  	12252.55637  	18069.79717  	3519.726254  	4317.35359  
7177.888243  	12245.7423  	18059.94806  	3513.039597  	4308.157496  
7170.071472  	12227.4978  	18051.10956  	3516.617586  	4305.9602  
7171.987853  	12272.64467  	18076.71376  	3521.321707  	4307.43503  
7181.74053  	12285.15731  	18063.28822  	3498.767406  	4301.175946  
7179.127657  	12238.41027  	18117.14745  	3509.849071  	4310.621703  
7170.349874  	12265.36044  	18106.2298  	3507.573228  	4322.158872  
7167.310781  	12213.66715  	18058.20509  	3515.117694  	4302.56361  
7170.054211  	12179.07711  	18073.40513  	3498.791121  	4301.902742  
7157.337283  	12262.67981  	18059.44999  	3509.828927  	4299.47052  
7158.864551  	12195.74102  	18053.59775  	3497.319148  	4299.01392  
7160.447445  	12218.41259  	18050.60373  	3507.312216  	4302.447201  
7157.033067  	12180.60725  	18072.42938  	3512.358032  	4308.949964  
7165.218635  	12213.27901  	18051.11222  	3517.045171  	4307.688898  
7173.32697  	12237.47202  	18066.19881  	3519.67493  	4317.004162  
7164.894413  	12163.6638  	17974.71938  	3507.536375  	4302.965146  
7169.413775  	12201.70907  	18014.95798  	3502.864006  	4307.168648  
7173.692254  	12249.20713  	18044.62205  	3502.886534  	4299.560501  
7175.349214  	12234.64958  	18082.16696  	3505.804103  	4312.299105  
7177.808662  	12219.20034  	18057.60906  	3497.441715  	4304.488185  
7180.81166  	12212.68698  	18128.30303  	3515.900393  	4307.631724  
7170.62077  	12224.36047  	18139.08316  	3516.282868  	4305.355153  
7190.844681  	12241.93652  	18087.3244  	3526.042747  	4316.054342  
7182.347691  	12160.05601  	18138.69652  	3503.376194  	4308.79745  
7192.008068  	12175.2186  	18146.6177  	3511.887607  	4319.02104  
7173.75566  	12281.35233  	18096.99942  	3505.424879  	4320.327286  
7163.476435  	12190.00079  	18043.8959  	3516.608646  	4318.090991  
7163.984027  	12238.26725  	18035.2923  	3505.111095  	4309.725273  
7165.796434  	12239.15917  	18038.25685  	3516.708778  	4306.302737  
7157.004963  	12221.15501  	18015.46343  	3506.09213  	4288.603644  
7169.577956  	12218.95915  	18123.57595  	3504.873834  	4303.422928  
7172.728878  	12223.06066  	18074.91118  	3520.530152  	4330.909358  
7168.691374  	12279.5079  	18124.6452  	3512.935507  	4305.949945  
7167.567225  	12250.64641  	18027.8622  	3505.083769  	4318.815091  
7159.59548  	12213.68158  	18038.74184  	3505.329172  	4303.700604  
7164.719274  	12246.60377  	18075.90163  	3508.69564  	4308.730853  
7163.397724  	12258.78772  	18080.32234  	3511.003162  	4303.797569  
7174.149894  	12201.49295  	18037.80054  	3512.64104  	4307.769265  
7169.835397  	12243.21363  	18074.72751  	3518.816706  	4313.844293  
7160.26407  	12177.35152  	18012.48207  	3505.473981  	4306.220424  
7176.034192  	12157.45557  	18034.71136  	3519.605547  	4293.115913  
7166.090059  	12234.88162  	18017.65636  	3515.564391  	4320.178486  
7163.378347  	12167.50643  	18008.30637  	3521.478715  	4313.847407  
7163.302994  	12200.01804  	18042.79299  	3511.472646  	4326.890605  
7164.911675  	12172.31529  	18032.91552  	3514.564554  	4314.036835  
7161.334493  	12184.76839  	18078.35242  	3494.347999  	4306.734072  
7167.258654  	12234.27929  	18055.26724  	3497.776936  	4302.96186  
7172.577176  	12280.2368  	18125.12747  	3504.952982  	4286.728082  
7175.099363  	12196.26473  	18048.9544  	3495.26735  	4291.458016  
7177.680753  	12227.42381  	18124.27237  	3512.227757  	4310.481371  
7176.584079  	12228.08682  	18060.20156  	3508.760776  	4299.795712  
7180.353695  	12216.62259  	18114.70777  	3516.154182  	4305.585763  
7179.913426  	12228.07014  	18057.88366  	3504.40652  	4312.595754  
7175.370547  	12176.19432  	18048.01429  	3504.716497  	4303.184263  
7167.637411  	12242.63567  	18136.56268  	3511.045005  	4323.136621  
7166.381773  	12312.22971  	18103.00555  	3512.617587  	4302.348968  
7172.172819  	12279.63086  	18092.3311  	3517.527828  	4310.516814  
7165.21284  	12258.57623  	18129.50921  	3506.99461  	4299.990455  
7169.14359  	12283.49456  	18096.93321  	3508.87198  	4311.57634  
7169.529476  	12222.08589  	18073.85499  	3508.811571  	4308.726934  
7160.36289  	12234.11874  	18078.86871  	3503.526103  	4316.801551  
7158.458651  	12208.05812  	18052.55693  	3503.083024  	4300.71829  
7154.893049  	12273.62747  	18081.34814  	3503.192532  	4302.580364  
7165.537997  	12217.33898  	18043.82072  	3507.098823  	4305.007736  
7162.473303  	12228.26438  	18004.63279  	3497.011743  	4294.166269  
7168.84932  	12244.67806  	18052.17241  	3503.014206  	4322.0589  
7163.766923  	12206.82867  	18094.30598  	3504.887462  	4302.474983  
7172.278987  	12292.21823  	18101.65574  	3508.428245  	4305.199717  
7166.629928  	12243.20544  	18079.4838  	3500.226476  	4314.672873  
7172.264762  	12213.68896  	18039.52664  	3512.518378  	4307.09089  
7175.609263  	12152.97024  	18063.02989  	3510.998405  	4314.356664  
7159.607183  	12254.43355  	18007.55332  	3514.971448  	4306.710956  
7182.440935  	12233.86377  	18083.55913  	3516.427942  	4310.840349  
7171.477879  	12180.55808  	18109.59903  	3508.453598  	4310.405216  
7181.752865  	12243.43419  	18080.51024  	3518.722597  	4299.311287  
7170.865761  	12228.78114  	18113.25935  	3522.444384  	4312.96494  
7172.342419  	12263.27952  	18068.57354  	3507.91973  	4303.017549  
7174.002722  	12197.372  	18090.11562  	3516.295803  	4309.933501  
7173.810604  	12209.11718  	18080.32362  	3503.785249  	4308.718275  
7180.469985  	12216.27033  	18073.93034  	3503.208933  	4308.658691  
7179.115049  	12178.16604  	18094.5506  	3505.680737  	4299.418511  
7182.533186  	12196.79057  	18065.60888  	3505.183143  	4308.659685  
7181.181067  	12212.09623  	18063.232  	3517.160352  	4312.962058  
7173.561608  	12238.7772  	18096.96187  	3509.112687  	4308.188354  
7163.211215  	12184.57366  	18081.5829  	3506.243384  	4298.096509  
7168.005032  	12234.8333  	18028.53379  	3512.829998  	4333.35709  
7167.493853  	12193.63887  	18018.73718  	3516.979571  	4312.824336  
7180.328947  	12222.12677  	18045.83757  	3508.586665  	4324.264919  
7173.846726  	12172.82671  	18061.48241  	3509.653714  	4315.03108  
7173.478775  	12195.5343  	18067.03227  	3517.69971  	4324.910654  
7179.201326  	12192.58593  	18077.57072  	3517.449527  	4317.162898  
7174.960379  	12265.79042  	18095.79095  	3520.587164  	4314.471466  
7170.390626  	12231.41916  	18080.65976  	3509.358292  	4303.559405  
7171.511399  	12232.768  	18128.27802  	3497.574435  	4313.097172  
7180.612912  	12296.71147  	18156.58006  	3503.020079  	4311.21755  
7182.82275  	12251.56858  	18088.24304  	3518.175928  	4320.948648  
7183.656901  	12243.10051  	18084.42133  	3520.793883  	4316.759277  
7184.365084  	12270.49372  	18088.85173  	3502.253965  	4311.127724  
7174.182561  	12258.47066  	18120.05924  	3509.468481  	4308.299913  
7172.401236  	12239.39693  	18128.18594  	3502.255276  	4303.930238  
7154.700303  	12203.59578  	18046.5271  	3502.788718  	4290.937483  
7169.694772  	12217.9074  	18073.05535  	3513.308914  	4306.826526  
7172.71512  	12214.07939  	18089.98408  	3514.865158  	4313.60626  
7161.675606  	12228.13199  	18035.34272  	3499.628564  	4309.414192  
7164.053209  	12181.39079  	18026.41618  	3514.751185  	4313.862275  
7158.959153  	12187.36968  	17994.78193  	3508.161671  	4291.186451  
7170.172333  	12196.20899  	18004.52203  	3518.083758  	4322.140232  
7163.203204  	12214.52144  	18054.7541  	3505.559345  	4302.090652  
7162.390134  	12254.92724  	18013.01266  	3515.096556  	4317.480378  
7168.532362  	12222.15801  	18043.42241  	3498.057767  	4303.073762  
7160.968129  	12229.01255  	18039.37495  	3516.196756  	4313.163064  
7162.86958  	12169.81301  	18066.23901  	3518.87797  	4297.809554  
7170.84591  	12219.06929  	18103.00014  	3524.828103  	4312.026446  
7148.040309  	12271.63965  	18034.4275  	3507.624983  	4294.220427  
7156.093779  	12221.72562  	18073.57161  	3505.976239  	4286.620073  
7168.843017  	12170.98969  	18059.90562  	3511.219626  	4310.875436  
7179.495235  	12229.79471  	18091.80551  	3513.350114  	4331.201224  
7172.094293  	12153.51155  	18050.102  	3520.50935  	4297.62272  
7166.503988  	12275.76738  	18066.41508  	3506.110795  	4306.128413  
7159.139667  	12162.60473  	18030.64678  	3499.094923  	4303.556815  
7171.876978  	12243.05843  	18038.47594  	3517.794709  	4314.29661  
7167.200587  	12229.88507  	18037.20825  	3504.576847  	4306.769955  
7168.924329  	12226.96593  	18061.39538  	3517.524871  	4322.381374  
7172.585104  	12231.60778  	18081.17521  	3508.351182  	4314.954945  
7179.88521  	12191.20862  	18058.46219  	3510.457191  	4312.526688  
7175.776435  	12180.98413  	18070.11757  	3499.388034  	4296.31364  
