6878.250295  	5035.995501  	6565.96033  	4524.77962  	6848.737473  
6878.730778  	4999.054595  	6581.49106  	4516.34251  	6837.606394  
6877.284296  	5014.730494  	6569.804892  	4525.920448  	6825.124949  
6878.554268  	5013.838832  	6574.220826  	4514.482568  	6840.268139  
6877.292202  	5003.28419  	6574.888576  	4516.342937  	6857.283125  
6878.240373  	5020.84883  	6608.522568  	4520.232823  	6849.715287  
6885.783855  	5023.014369  	6607.481987  	4525.980542  	6855.365762  
6889.151654  	5036.25999  	6628.891951  	4516.719717  	6861.1977  
6886.816567  	5050.553596  	6615.217198  	4515.889015  	6843.989752  
6879.829295  	5018.459358  	6610.757921  	4518.725783  	6875.06502  
6879.333268  	5026.276601  	6603.16888  	4508.95992  	6832.40518  
6881.474541  	4986.431758  	6581.732264  	4516.452943  	6857.36484  
6888.272548  	5001.958825  	6578.340732  	4521.648753  	6870.754464  
6885.093325  	5028.755964  	6597.83205  	4519.30445  	6850.408143  
6889.553797  	5041.139207  	6588.185487  	4519.240783  	6848.758017  
6893.878335  	5027.601455  	6618.573902  	4531.93548  	6867.664301  
6882.876699  	5046.273178  	6583.736094  	4523.958501  	6845.559908  
6887.371102  	5005.58246  	6591.039493  	4518.506339  	6855.51101  
6885.854905  	5010.382825  	6569.852516  	4521.653235  	6832.643826  
6880.343817  	5032.932572  	6579.006417  	4512.565934  	6851.868348  
6875.596325  	5001.101834  	6566.334885  	4516.856698  	6856.815201  
6879.093171  	4992.253694  	6583.901615  	4513.227081  	6852.554703  
6871.946641  	5003.340447  	6570.945152  	4511.061602  	6828.412085  
6868.275707  	4978.341483  	6556.115716  	4522.334024  	6825.056779  
6862.621467  	5012.866453  	6572.684905  	4517.820984  	6839.972798  
6875.005266  	5003.237571  	6570.74577  	4522.610254  	6842.302216  
6873.410421  	4987.80819  	6578.665386  	4511.443854  	6839.246724  
6880.060335  	5021.962724  	6575.368778  	4512.409352  	6840.750476  
6895.066504  	4999.119482  	6573.179868  	4519.070007  	6845.433615  
6880.884438  	5022.368186  	6592.888193  	4510.433243  	6846.637337  
6893.167372  	5041.350289  	6579.37195  	4511.674759  	6834.165395  
6877.482898  	5029.764123  	6573.177547  	4508.943123  	6835.287224  
6876.072684  	5032.2634  	6590.631841  	4523.194115  	6853.448402  
6882.580806  	4998.471134  	6591.25559  	4516.292425  	6841.98043  
6879.133665  	4997.743563  	6573.542583  	4536.270089  	6867.961917  
6899.0923  	5028.251839  	6602.848052  	4524.746772  	6870.150939  
6891.960235  	5002.596256  	6580.829662  	4524.862532  	6857.238269  
6904.074813  	5014.546628  	6592.386831  	4523.143128  	6870.384392  
6898.989877  	4998.126527  	6610.709218  	4529.852777  	6885.336323  
6890.271181  	4996.894636  	6617.04888  	4520.21804  	6862.339024  
6898.632335  	5025.78114  	6581.110864  	4520.87501  	6864.688537  
6899.245091  	5003.752162  	6585.499956  	4525.294704  	6856.692512  
6882.726064  	5048.811593  	6605.165087  	4522.712326  	6849.6481  
6875.700645  	5024.295403  	6592.355245  	4512.966088  	6828.471737  
6873.513042  	5015.24988  	6565.352697  	4525.633574  	6845.408402  
6869.754785  	5017.732233  	6566.959784  	4516.736582  	6824.766439  
6863.99559  	5064.853952  	6574.040526  	4522.483987  	6831.60234  
6870.731436  	5032.988907  	6560.626942  	4519.007144  	6829.299675  
6888.269317  	5012.882875  	6582.513696  	4525.533817  	6839.147431  
6882.399806  	5029.831912  	6575.86864  	4524.49714  	6837.720191  
6872.579295  	5075.48733  	6595.34575  	4522.490061  	6837.795205  
6883.960278  	5009.314149  	6613.083441  	4510.471304  	6837.59642  
6882.011133  	5013.9916  	6597.122307  	4523.594404  	6847.125913  
6874.178059  	5003.56383  	6599.644001  	4517.220248  	6862.398022  
6884.39943  	5014.807991  	6592.861316  	4522.884632  	6859.350083  
6877.462393  	5000.853077  	6574.000318  	4522.458699  	6847.465766  
6873.677341  	5020.639203  	6568.332532  	4516.826663  	6855.261499  
6874.482131  	5023.420188  	6570.475685  	4506.080992  	6822.698498  
6874.901716  	4977.555457  	6559.315325  	4499.921011  	6832.791863  
6874.398341  	4999.706299  	6565.336657  	4503.658632  	6827.054694  
6872.763663  	4985.813651  	6568.897777  	4506.037498  	6843.280955  
6878.973339  	4980.267603  	6557.544935  	4511.756918  	6826.760281  
6874.107113  	4970.693551  	6569.499486  	4510.207658  	6837.284011  
6886.507553  	5015.402217  	6579.874977  	4509.354232  	6839.632107  
6876.547304  	4986.877063  	6572.151149  	4517.575083  	6843.122785  
6870.596493  	5011.097377  	6572.687314  	4523.109856  	6854.893537  
6871.915574  	4981.41915  	6565.693288  	4517.563154  	6851.359797  
6872.360356  	5028.31322  	6583.272419  	4510.123669  	6851.972186  
6894.246256  	4988.942505  	6582.211711  	4523.507994  	6851.78871  
6885.349814  	5030.730414  	6581.683584  	4522.332168  	6845.21208  
6877.622531  	5030.456471  	6581.010097  	4521.677656  	6851.727608  
6882.580118  	5010.350387  	6562.529431  	4525.796166  	6841.906114  
6878.447533  	5017.214612  	6572.96805  	4517.200605  	6838.123107  
6886.898676  	5038.210868  	6551.082586  	4513.058769  	6851.617085  
6888.448846  	5024.947286  	6592.966157  	4516.430805  	6878.260393  
6904.707621  	5010.083596  	6615.836527  	4524.660972  	6868.163879  
6900.266522  	5040.488197  	6607.225198  	4509.060837  	6867.543379  
6890.644166  	5033.532588  	6595.440676  	4527.18169  	6857.259974  
6891.401422  	5023.652698  	6589.445655  	4524.198001  	6865.594395  
6891.948186  	5035.391901  	6626.754778  	4513.872959  	6845.990482  
6895.920049  	5018.367447  	6618.272922  	4515.438716  	6863.768898  
6885.902255  	5013.29473  	6601.1319  	4520.926131  	6838.448185  
6886.187477  	5024.119955  	6599.342447  	4524.263845  	6849.949647  
6880.63911  	5056.214328  	6601.702816  	4518.220295  	6855.040696  
6871.327716  	5061.274003  	6581.987665  	4522.872283  	6830.013988  
6877.561261  	5025.166893  	6595.795112  	4524.201808  	6827.76725  
6878.68101  	5031.638525  	6580.469609  	4521.304595  	6834.112712  
6869.837998  	4996.498837  	6575.868862  	4516.140188  	6852.612669  
6867.687238  	5026.805383  	6589.897593  	4506.454021  	6846.051481  
6869.785202  	4980.428968  	6560.443805  	4515.417614  	6841.829551  
6875.730978  	4999.162615  	6576.550918  	4522.319862  	6816.915374  
6868.551105  	5014.31749  	6576.141196  	4514.965608  	6850.131664  
6867.074082  	4998.683093  	6572.650805  	4511.813385  	6833.607877  
6879.044588  	5036.383513  	6582.166874  	4520.362183  	6851.708159  
6876.548411  	5005.15403  	6593.429183  	4511.026561  	6845.145077  
6889.280768  	5008.420415  	6579.534178  	4521.724711  	6869.652178  
6883.388472  	4991.000441  	6600.563989  	4524.58389  	6872.338545  
6878.868135  	5008.939849  	6597.594125  	4524.214205  	6864.829674  
6879.571893  	5043.098668  	6597.832977  	4520.269001  	6849.11266  
6880.615836  	5006.406469  	6588.100507  	4524.26497  	6848.585482  
6882.287363  	5026.701929  	6577.542732  	4516.896671  	6847.895523  
6881.007012  	5023.111435  	6582.799536  	4512.977442  	6843.372993  
6879.045396  	5037.944675  	6587.390558  	4511.869133  	6839.487395  
6868.881926  	5026.244098  	6578.24604  	4498.874299  	6830.635173  
6857.990451  	5028.837629  	6589.701082  	4508.355026  	6828.458752  
6885.458149  	5024.984681  	6588.696736  	4516.695609  	6850.328803  
6886.261815  	5004.565328  	6587.407878  	4521.662756  	6853.270059  
6883.604053  	5006.17832  	6581.875352  	4518.251248  	6859.494819  
6877.379374  	5009.324181  	6590.846507  	4529.739443  	6850.08072  
6885.256263  	5059.756211  	6601.944035  	4516.989069  	6849.320533  
6883.257613  	5046.009666  	6595.411482  	4526.861855  	6846.864384  
6868.457716  	5050.006525  	6591.280197  	4520.413018  	6825.541067  
6862.608339  	5024.506293  	6581.389631  	4506.402523  	6822.974456  
6870.452981  	4991.310131  	6587.982659  	4507.714147  	6843.033061  
6878.544366  	5041.842083  	6569.400296  	4518.066334  	6836.779387  
6885.831201  	5024.10946  	6565.373652  	4512.624281  	6883.096758  
6879.376195  	5006.512536  	6564.236455  	4524.264797  	6876.190933  
6884.657405  	5011.166571  	6556.326885  	4520.335345  	6837.919367  
6880.790853  	5009.179493  	6563.435477  	4517.987182  	6856.443727  
6881.552029  	4982.697926  	6555.930873  	4521.854424  	6853.768341  
6873.069281  	4992.445066  	6559.79767  	4507.813449  	6842.123023  
6863.550715  	4979.065731  	6555.473878  	4516.96199  	6838.081187  
6868.168838  	4958.640221  	6524.444653  	4502.755541  	6826.882689  
6877.627054  	5015.88791  	6565.77883  	4512.165147  	6828.160247  
6881.855881  	5002.937674  	6576.82992  	4520.280132  	6833.601556  
6863.347267  	4976.543452  	6550.906205  	4512.828594  	6823.159125  
6869.80605  	5019.523144  	6583.034949  	4505.703245  	6839.711875  
6868.928741  	4985.568315  	6544.793337  	4512.402352  	6828.889079  
6873.506237  	5004.853396  	6557.101569  	4508.176982  	6824.324617  
6877.551801  	4974.880887  	6558.710233  	4519.718336  	6847.442268  
6891.832093  	5031.645794  	6591.965918  	4509.543612  	6856.42227  
6904.29552  	5010.982285  	6582.722061  	4521.759425  	6883.637786  
6912.895339  	5021.42553  	6614.88982  	4531.593842  	6890.311798  
6898.582124  	5029.94384  	6601.308847  	4522.083459  	6861.48335  
6889.13188  	5004.523709  	6619.904  	4530.040132  	6857.01344  
6898.537772  	5024.588262  	6630.723094  	4530.509053  	6854.689468  
6896.87115  	5048.794057  	6626.429987  	4521.329334  	6865.402998  
6897.325315  	5040.019823  	6626.067353  	4529.004723  	6869.052731  
6894.289724  	5052.282443  	6612.420295  	4523.182986  	6853.854724  
6884.062159  	5015.317146  	6598.085287  	4507.826359  	6854.838852  
6881.808232  	5012.652401  	6612.164338  	4516.606156  	6864.812428  
6892.836017  	5036.981836  	6604.514976  	4523.657308  	6851.907456  
6888.023533  	5009.525772  	6603.481534  	4516.904586  	6852.557816  
6906.217744  	5041.80327  	6608.783382  	4527.505058  	6873.201332  
6899.19439  	5016.9404  	6620.138328  	4529.280195  	6848.201624  
6897.225718  	5053.027306  	6640.895991  	4536.558393  	6867.59554  
6907.305037  	5019.573932  	6597.249831  	4523.269211  	6869.448143  
6909.181065  	5035.420079  	6617.456503  	4521.587679  	6846.259895  
6884.280313  	4989.198287  	6590.65172  	4515.238401  	6833.6346  
6867.543719  	5019.352786  	6606.623784  	4518.560371  	6853.401126  
6864.655911  	5036.759494  	6596.817712  	4508.636642  	6814.423867  
6870.708372  	5068.349784  	6604.031148  	4507.346791  	6843.022238  
6874.395562  	5024.486042  	6606.26593  	4513.914034  	6819.194125  
6874.25863  	5052.119258  	6596.47334  	4519.783372  	6867.774423  
6888.197501  	5043.883811  	6597.817835  	4516.672756  	6844.564809  
6866.899737  	5034.525169  	6597.933267  	4503.023029  	6841.073896  
6857.47401  	5046.053395  	6587.406511  	4502.142362  	6828.761092  
6858.281269  	4992.887875  	6580.756104  	4499.824248  	6857.165829  
6866.704084  	5024.012593  	6584.157734  	4513.794661  	6846.893371  
6872.060588  	5040.662782  	6606.229119  	4517.673138  	6838.104384  
6879.06152  	5014.423183  	6597.229166  	4505.15848  	6840.379581  
6891.583417  	5037.813629  	6618.02734  	4522.167739  	6852.276087  
6888.489496  	5036.69452  	6597.490349  	4520.226651  	6836.174009  
6881.121228  	5021.357706  	6600.278839  	4518.744999  	6851.927966  
6872.292569  	5013.864639  	6594.786489  	4521.321059  	6841.917381  
6866.626626  	5003.837211  	6582.255283  	4509.798307  	6831.777479  
6860.301411  	4998.193407  	6565.426336  	4505.782707  	6832.846535  
6867.958817  	5005.128538  	6568.399379  	4509.308013  	6830.654565  
6874.171372  	5010.9893  	6582.51875  	4511.831628  	6834.605544  
6876.363895  	5021.664999  	6593.367558  	4524.823617  	6848.804691  
6886.867532  	5013.58238  	6595.210195  	4516.187885  	6847.152754  
6878.085649  	5006.156175  	6587.545082  	4530.154365  	6845.26747  
6879.445033  	4991.418998  	6568.792854  	4508.953587  	6845.866696  
6878.523721  	5021.503954  	6577.241177  	4506.819491  	6852.971788  
6888.114069  	5017.254447  	6567.277263  	4519.062554  	6851.153275  
6883.833194  	5040.892478  	6573.568014  	4514.95961  	6858.272217  
6887.799521  	5019.972372  	6582.298285  	4517.035732  	6854.781048  
6879.472784  	5013.254494  	6576.42573  	4521.883439  	6841.111617  
6877.543842  	5015.125653  	6583.14805  	4518.176279  	6840.13155  
6877.286922  	5016.24284  	6592.87399  	4528.146542  	6843.70352  
6884.405582  	5012.074645  	6594.187295  	4534.882645  	6845.039557  
6887.186702  	5004.348556  	6580.050535  	4527.369337  	6862.448324  
6879.297715  	4986.184187  	6561.113157  	4523.039122  	6847.726698  
6875.97696  	4995.329408  	6570.35541  	4519.362802  	6856.256091  
6876.334127  	4998.561474  	6573.903992  	4522.687624  	6834.677493  
6880.000187  	5038.017269  	6587.040299  	4526.373152  	6834.897838  
6889.040218  	5012.429032  	6585.036253  	4532.542285  	6857.270203  
6884.939176  	5003.366495  	6585.973832  	4523.306442  	6857.08881  
6866.497227  	5011.668786  	6566.346205  	4518.706097  	6839.125223  
6877.484519  	5020.811314  	6581.341892  	4522.808388  	6846.085944  
6878.798194  	5035.007768  	6597.405636  	4529.840736  	6841.788321  
6882.780756  	5015.578658  	6591.47576  	4510.670147  	6820.566364  
6882.904872  	5024.303419  	6593.842926  	4516.224675  	6833.122052  
6870.153074  	4986.232519  	6561.569414  	4513.277291  	6855.956591  
6872.241052  	5051.353117  	6588.874926  	4513.401222  	6852.483121  
6876.572179  	4990.469993  	6572.229698  	4523.928888  	6840.267461  
6870.150357  	5006.175388  	6574.541499  	4516.495885  	6845.303144  
6879.80403  	5022.066344  	6589.270167  	4511.196162  	6835.842517  
6878.433492  	5024.107093  	6590.060417  	4518.615491  	6839.876004  
6886.355223  	5017.77642  	6586.142878  	4521.890455  	6853.90631  
6881.949297  	5012.65851  	6583.317003  	4519.195796  	6849.423807  
6881.671183  	5005.638784  	6588.35442  	4516.287889  	6849.602192  
6887.227509  	5011.376248  	6592.483048  	4524.292342  	6854.618936  
6873.108519  	5004.277503  	6588.552143  	4515.917256  	6825.615168  
6885.280415  	5037.808798  	6594.241398  	4515.591669  	6845.594522  
6889.905945  	5032.030141  	6589.634316  	4522.392315  	6860.449403  
6883.60572  	5016.307694  	6587.706813  	4523.5427  	6842.782606  
6881.484198  	5018.791554  	6566.103671  	4523.336092  	6854.952417  
6876.884586  	4993.85731  	6543.849236  	4512.866186  	6847.107946  
6872.432352  	4995.123612  	6561.484802  	4502.545034  	6838.907495  
6866.409474  	5000.832652  	6574.323013  	4508.991434  	6841.722415  
6872.380374  	4969.577014  	6560.560382  	4514.746081  	6863.495177  
6871.659474  	5012.890892  	6580.882039  	4511.060562  	6826.384549  
6872.088334  	5026.640916  	6586.985174  	4514.297444  	6841.061312  
6868.807287  	5016.120797  	6576.865459  	4508.316137  	6837.479896  
6873.26863  	5020.884225  	6580.597143  	4520.408061  	6853.701603  
6870.719218  	5020.493084  	6577.796024  	4520.772821  	6827.824285  
6879.481131  	5000.043123  	6583.819775  	4523.970049  	6863.007366  
6885.358134  	5020.721722  	6577.24993  	4523.209876  	6852.072272  
6885.793322  	5003.532902  	6599.630925  	4534.131753  	6832.938492  
6878.13503  	5002.97452  	6588.736337  	4523.72941  	6843.019197  
6884.855597  	5018.697712  	6599.001134  	4518.022318  	6852.043972  
6870.730145  	5016.84723  	6596.60259  	4518.730551  	6848.110752  
6873.932265  	5008.341568  	6594.493461  	4513.963838  	6845.403248  
6886.527932  	5019.430896  	6599.522185  	4520.037473  	6845.130748  
6897.499532  	5054.627927  	6592.203002  	4535.731579  	6857.492001  
6888.828418  	5028.605068  	6615.426031  	4523.880126  	6813.692383  
6887.186551  	4988.784352  	6581.145981  	4516.681712  	6855.772355  
6891.360728  	5036.499895  	6594.266353  	4517.518591  	6837.999135  
6891.21101  	5021.646686  	6585.885532  	4520.294186  	6857.782736  
6893.658148  	5043.236094  	6601.268944  	4525.940569  	6849.74827  
6891.481708  	5011.643525  	6599.32835  	4530.360737  	6861.205298  
6896.673421  	5034.777546  	6597.625923  	4539.449186  	6860.374551  
6901.461294  	5035.082993  	6624.125804  	4528.409055  	6867.118318  
6898.947811  	5027.324112  	6619.141355  	4523.936774  	6868.312364  
6898.255419  	5034.873052  	6632.255201  	4516.624574  	6850.41147  
6888.055248  	5046.109674  	6609.761943  	4519.629736  	6855.935857  
6893.140693  	5035.151833  	6613.141263  	4521.465717  	6869.867371  
6891.792144  	5017.038771  	6606.293572  	4516.605553  	6863.006827  
6883.389013  	5035.65977  	6591.846558  	4532.016597  	6860.803431  
6890.044737  	5005.827948  	6586.552694  	4521.23714  	6843.378101  
6880.503106  	5006.945719  	6566.803857  	4521.002548  	6848.91878  
6886.547978  	4997.484943  	6593.014492  	4512.420478  	6847.940704  
6895.938181  	5012.540413  	6572.811  	4515.874472  	6847.719187  
6892.172097  	4997.735949  	6581.849934  	4516.538829  	6855.108748  
6889.902919  	5010.047279  	6583.101385  	4521.925692  	6860.299012  
6885.898171  	5022.367486  	6582.898458  	4520.326985  	6831.851355  
6885.719374  	5015.868431  	6586.968472  	4521.209301  	6864.963406  
6880.116015  	5007.03065  	6579.237846  	4511.175948  	6840.817012  
6880.811762  	4989.794264  	6563.424983  	4524.211949  	6851.665636  
6885.855411  	5013.09222  	6594.667122  	4525.78421  	6851.331061  
6876.910087  	5033.503453  	6567.755817  	4519.623551  	6842.221487  
6872.582259  	5012.678853  	6576.400983  	4511.610337  	6844.41594  
6878.529739  	5030.037396  	6577.702835  	4521.449263  	6840.716827  
6881.960092  	5047.9993  	6600.964473  	4520.29968  	6862.339711  
6878.25816  	5019.104527  	6575.157498  	4522.550228  	6849.275614  
6879.471975  	4981.787832  	6575.280237  	4509.911586  	6838.556399  
6877.404436  	5031.250172  	6575.900338  	4505.762881  	6830.644736  
6872.580005  	5026.0269  	6576.212335  	4511.644122  	6847.120316  
6874.28759  	5014.293679  	6584.183671  	4506.150668  	6827.221797  
6872.578127  	5018.508243  	6581.461003  	4508.717809  	6853.008638  
6867.952391  	4990.790121  	6568.624608  	4512.581713  	6834.892874  
6887.294978  	5004.197443  	6577.541702  	4502.463587  	6830.539123  
6874.889323  	4997.551474  	6586.93666  	4511.772023  	6833.200889  
6874.259242  	4993.904912  	6595.805961  	4510.747073  	6851.051001  
6881.240452  	5021.535378  	6574.088201  	4533.789333  	6845.023998  
6876.793151  	5012.083122  	6577.409792  	4519.455405  	6838.657857  
6893.730928  	5023.691969  	6580.409003  	4523.261639  	6849.613818  
6899.271059  	5009.865018  	6592.463885  	4521.602933  	6847.478736  
6878.023392  	5000.427012  	6602.47305  	4519.572327  	6851.954168  
6889.493345  	5049.410343  	6608.068527  	4522.608157  	6861.713035  
6892.779343  	5032.664401  	6592.334418  	4526.105705  	6861.538424  
6897.428222  	5051.594776  	6605.899304  	4521.549406  	6851.259335  
6894.890066  	5015.716239  	6589.646444  	4526.298806  	6867.42255  
6900.136255  	5020.317562  	6603.4798  	4521.089454  	6867.841685  
6912.457655  	5040.384347  	6603.004403  	4536.24743  	6863.912724  
6900.37326  	5042.489465  	6630.055649  	4527.292831  	6872.856723  
6903.393895  	5036.536636  	6592.28796  	4530.465074  	6863.357024  
6892.613397  	5008.676556  	6597.831381  	4523.871707  	6857.830811  
6884.512023  	5003.155966  	6571.033729  	4518.316722  	6844.777021  
6866.534866  	4971.229427  	6566.296448  	4517.083217  	6834.988679  
6861.162058  	4987.002113  	6582.790716  	4506.659171  	6823.391933  
6877.123163  	5008.089866  	6590.075395  	4512.69016  	6837.715772  
6875.995161  	5004.754721  	6574.371977  	4500.45661  	6833.676478  
6871.134206  	4998.942824  	6563.190129  	4509.18089  	6840.576084  
6876.768593  	5010.86433  	6579.745351  	4516.78264  	6821.030391  
6867.3819  	4990.215641  	6562.437674  	4514.917891  	6855.72467  
6875.188761  	5000.556272  	6556.784766  	4511.69336  	6827.770815  
6878.933453  	5031.21021  	6568.661937  	4507.52605  	6833.197826  
6870.278741  	5006.201239  	6577.698467  	4505.564447  	6822.845995  
6873.416243  	4994.986146  	6563.762674  	4512.692342  	6829.490913  
6878.57998  	4977.573673  	6564.747663  	4513.582704  	6836.310276  
6883.487382  	4969.538823  	6576.783176  	4512.555026  	6846.140275  
6885.465464  	5020.586441  	6569.330403  	4521.668377  	6840.755935  
6870.377078  	4986.933108  	6557.717357  	4516.039465  	6834.145155  
6867.184842  	5016.173838  	6577.401789  	4517.853142  	6838.25563  
6870.941522  	5006.876679  	6572.551338  	4511.450456  	6849.623828  
6873.103245  	4981.336356  	6555.982573  	4514.997274  	6850.869469  
6882.335434  	5011.905849  	6572.999184  	4520.328442  	6846.611795  
6883.994651  	5002.086927  	6566.072575  	4511.763653  	6843.460078  
6864.022513  	5019.741595  	6579.103591  	4520.206515  	6844.439227  
6873.876136  	5006.02691  	6580.38931  	4522.606976  	6839.731126  
6878.260845  	5045.524693  	6589.473063  	4521.328112  	6852.767195  
6884.824895  	5048.377262  	6591.443773  	4527.071166  	6847.672897  
6891.754739  	5032.122608  	6590.639168  	4527.924894  	6865.170681  
6888.39349  	4990.373054  	6584.072733  	4512.641095  	6855.027473  
6872.594766  	5018.074057  	6590.716893  	4506.92176  	6834.268199  
6868.851444  	5031.791185  	6587.339682  	4504.25025  	6834.356536  
6876.136151  	4983.328962  	6565.418377  	4523.090353  	6841.400252  
6882.346403  	5016.711202  	6572.59676  	4521.600807  	6847.764754  
6876.214484  	5009.268692  	6572.800166  	4520.267975  	6845.71412  
6887.995872  	5013.452791  	6596.467384  	4525.831487  	6852.765149  
6895.99938  	5051.462375  	6609.198726  	4529.342536  	6846.592291  
6889.265473  	5061.477063  	6605.61342  	4525.339936  	6862.76259  
6885.516074  	5042.537321  	6597.521116  	4523.302421  	6850.962315  
6880.141367  	5039.278173  	6576.190483  	4520.700395  	6853.371709  
6885.646024  	5042.689456  	6580.767874  	4519.987278  	6846.692778  
6884.549401  	5013.235125  	6598.946872  	4515.45488  	6865.917107  
6879.467708  	5031.571837  	6587.54341  	4519.05141  	6848.171785  
6884.39533  	5062.539067  	6615.641516  	4514.921355  	6867.127746  
6870.914624  	5019.060333  	6593.527309  	4513.24767  	6846.81876  
6878.428113  	5037.332206  	6585.434114  	4515.440978  	6843.97788  
6878.796112  	4972.32326  	6579.265704  	4508.575538  	6856.453845  
6869.925674  	4985.480145  	6561.073238  	4510.139118  	6834.958068  
6878.757087  	4999.202076  	6564.536041  	4512.173893  	6840.110692  
6870.437959  	5032.251355  	6592.943579  	4500.310157  	6834.636655  
6866.372203  	4968.01423  	6552.745416  	4506.53287  	6827.574933  
6877.414388  	4976.638884  	6590.300281  	4500.824243  	6825.05271  
6882.947021  	5020.654274  	6583.415268  	4509.322975  	6852.998632  
6889.56776  	4978.607982  	6581.247066  	4509.907996  	6871.414397  
6888.27399  	5018.967163  	6596.954551  	4512.400998  	6847.714178  
6880.795028  	5017.298198  	6594.189147  	4502.955322  	6854.399878  
6877.172536  	4985.938863  	6597.478176  	4510.322191  	6847.515941  
6875.937642  	5028.372444  	6610.636261  	4513.694028  	6827.631137  
6859.136312  	5019.201483  	6576.122131  	4510.195489  	6833.027395  
6867.106075  	5022.100867  	6613.607949  	4519.615833  	6840.314528  
6868.611235  	5024.183801  	6594.287024  	4507.317874  	6823.736735  
6882.165056  	5012.519342  	6579.187301  	4511.982892  	6844.61675  
6888.183788  	4993.129985  	6586.09217  	4521.209932  	6841.911145  
6875.174083  	4997.439187  	6587.597193  	4521.558238  	6821.298171  
6875.640659  	5017.577241  	6579.105298  	4529.505631  	6840.281889  
6882.585468  	5007.043469  	6587.205837  	4523.241182  	6858.618282  
6874.478624  	5021.565888  	6562.68376  	4522.017212  	6843.579463  
6878.71794  	5003.919959  	6589.245005  	4501.534104  	6838.537329  
6881.655446  	5003.031409  	6580.528195  	4513.101033  	6836.360656  
6884.209058  	5002.607083  	6593.967993  	4516.954803  	6854.134368  
6897.534343  	5027.502793  	6585.89444  	4515.964493  	6843.225399  
6892.464183  	5007.13721  	6609.118278  	4530.621642  	6869.401991  
6883.547501  	5019.808895  	6601.165296  	4526.469811  	6849.74393  
6881.817844  	5013.378089  	6573.150096  	4512.176233  	6834.605972  
6868.948847  	5009.050739  	6575.470258  	4516.903153  	6855.115355  
6860.853813  	4995.527032  	6567.797937  	4522.338945  	6847.046381  
6864.211022  	4991.873635  	6539.045318  	4519.021707  	6835.495081  
6888.924087  	5046.081177  	6577.335683  	4515.657222  	6857.48675  
6885.044877  	5035.898749  	6573.829392  	4515.9724  	6860.808319  
6891.213989  	5000.852143  	6573.087343  	4517.766311  	6854.70934  
6873.700791  	5004.685729  	6574.655545  	4512.231962  	6853.881206  
6877.784006  	5022.69239  	6573.69504  	4513.974403  	6865.179232  
6868.574202  	5005.885685  	6579.172576  	4498.703832  	6844.669111  
6881.867965  	5042.013488  	6571.093565  	4515.16296  	6829.141442  
6903.86995  	5033.009399  	6613.553039  	4521.304184  	6868.402947  
6900.978466  	5031.174463  	6618.138329  	4526.333257  	6871.296634  
6898.831545  	5036.062896  	6612.828144  	4529.143254  	6853.96365  
6892.33523  	5036.453344  	6575.2803  	4523.659154  	6852.884434  
6885.149687  	5000.669909  	6598.308531  	4528.502773  	6862.965332  
6878.345429  	5058.049765  	6602.166567  	4519.899122  	6839.696645  
6880.468919  	5052.742638  	6620.318759  	4516.404769  	6818.188076  
6879.637189  	5023.33462  	6602.081662  	4522.355244  	6823.412589  
6865.942504  	5052.495633  	6621.800876  	4514.148201  	6852.888678  
6872.859189  	5039.857571  	6627.72087  	4519.004502  	6842.410232  
6883.163445  	5037.868284  	6602.597357  	4512.933386  	6839.132752  
6879.81125  	5040.134549  	6595.119838  	4515.248555  	6818.858052  
6870.442091  	5032.586261  	6582.038142  	4515.413346  	6842.828845  
6878.663697  	5016.732414  	6602.528294  	4521.625741  	6848.870361  
6893.446448  	5013.265954  	6566.180536  	4523.611402  	6850.355945  
6884.764818  	5026.595887  	6584.989794  	4516.896621  	6856.447456  
6889.63095  	5048.561954  	6578.586522  	4515.7812  	6858.372893  
6893.447019  	5000.331506  	6571.660455  	4523.662663  	6864.502227  
6897.490617  	5005.41265  	6603.251121  	4519.512841  	6847.684823  
6904.077657  	5015.819167  	6594.468014  	4535.726941  	6865.991226  
6896.8846  	4998.20666  	6569.791065  	4524.048152  	6854.603675  
6879.199396  	5011.0539  	6589.789965  	4519.588771  	6868.51149  
6885.039052  	5022.265939  	6588.298387  	4526.559016  	6853.118887  
6877.810525  	5030.622045  	6577.38453  	4521.687793  	6852.415214  
6884.545884  	5006.142262  	6568.396039  	4515.383805  	6847.602738  
6880.986433  	5009.760433  	6575.388818  	4513.684028  	6836.081962  
6873.224809  	5014.755  	6586.734343  	4524.306506  	6848.642039  
6869.171592  	5026.313459  	6556.723579  	4518.812005  	6833.486295  
6876.13401  	5013.938626  	6571.21804  	4515.623149  	6834.221188  
6879.01974  	5035.976179  	6563.129342  	4522.606963  	6857.714545  
6872.125049  	5028.515376  	6590.382601  	4513.489792  	6830.900496  
6876.757085  	4992.779977  	6570.657482  	4529.616677  	6839.595685  
6882.853465  	5023.944441  	6583.480343  	4514.841444  	6861.137105  
6875.421801  	5005.863974  	6575.837473  	4514.197753  	6829.722072  
6875.280559  	4993.978543  	6567.097054  	4513.233704  	6829.344133  
6870.434756  	5017.334871  	6585.673245  	4513.922398  	6825.125877  
6883.920198  	5024.997586  	6594.270482  	4531.979281  	6863.385462  
6884.084123  	5017.512322  	6578.872512  	4512.464314  	6860.265987  
6883.758274  	5023.143114  	6608.880162  	4522.788068  	6879.105716  
6883.66229  	5003.712201  	6591.046887  	4525.219279  	6855.637297  
6895.480287  	4983.056805  	6597.828944  	4518.951089  	6875.624708  
6888.258406  	5006.695126  	6604.770949  	4528.02067  	6855.476581  
6878.662708  	5022.520822  	6597.164174  	4514.44752  	6844.377384  
6875.726417  	5017.482808  	6593.508479  	4510.585352  	6829.130682  
6887.062533  	5011.958865  	6588.831903  	4517.137097  	6852.673129  
6873.932989  	5032.066713  	6595.511914  	4509.723566  	6850.028724  
6871.73345  	4985.030844  	6559.689927  	4509.250576  	6840.217445  
6861.726477  	4976.145049  	6583.385709  	4517.035392  	6839.98143  
6867.39803  	4983.813728  	6544.396733  	4516.983483  	6837.17126  
6864.000579  	5000.121353  	6575.132933  	4522.292455  	6850.043427  
6865.305421  	5020.084478  	6582.517232  	4512.387261  	6826.954834  
6871.203963  	5021.417187  	6571.342875  	4516.128012  	6838.187301  
6870.467721  	5037.200883  	6573.062647  	4521.121368  	6836.823727  
6878.84943  	5033.212918  	6586.797552  	4519.125451  	6826.771635  
6881.143578  	5034.093987  	6576.648361  	4519.706511  	6846.478944  
6882.740482  	5048.6797  	6608.373855  	4511.825588  	6830.206853  
6887.299197  	5013.491649  	6577.213485  	4523.024064  	6844.143494  
6894.767003  	5010.592325  	6603.338645  	4521.397193  	6869.489924  
6887.455761  	4999.416888  	6593.095806  	4523.59855  	6842.115653  
6894.771401  	5036.289763  	6588.01572  	4521.274509  	6838.428515  
6875.316956  	5016.351944  	6598.816405  	4524.928665  	6858.943667  
6892.41918  	4993.089368  	6574.368909  	4519.144724  	6847.672243  
6893.341842  	5039.317747  	6589.256283  	4524.558291  	6879.205021  
6891.922452  	5004.411364  	6584.74104  	4526.290477  	6861.106705  
6890.566931  	5008.978418  	6573.444483  	4523.280633  	6850.427508  
6891.350605  	5027.811847  	6594.708678  	4524.657523  	6846.438037  
6893.335122  	5030.727382  	6591.307834  	4522.048138  	6876.516451  
6893.845232  	5034.876931  	6620.577837  	4531.653952  	6844.712297  
6893.161791  	5046.354948  	6593.780723  	4521.052589  	6837.636695  
6894.20834  	5012.983904  	6584.597073  	4524.613043  	6848.174021  
6884.123136  	4991.822465  	6572.458782  	4524.266321  	6869.285892  
6876.417091  	5006.029768  	6578.194803  	4517.067237  	6863.104682  
6879.408803  	5014.203813  	6577.446335  	4514.030524  	6832.231906  
6865.490159  	4990.897635  	6563.973531  	4508.402473  	6854.561982  
6865.546331  	4993.498124  	6562.962496  	4504.7079  	6838.586182  
6864.31887  	4991.350389  	6568.833427  	4500.944729  	6830.048861  
6869.363382  	4997.11292  	6571.76825  	4503.35847  	6854.69307  
6875.472646  	5020.750117  	6576.079273  	4521.042295  	6810.242823  
6877.333209  	5015.994771  	6575.059618  	4512.601913  	6844.749653  
6866.45024  	5010.142586  	6565.997874  	4508.999093  	6849.439007  
6885.471285  	4999.065285  	6582.990468  	4526.706515  	6849.624988  
6883.544964  	5019.497616  	6583.784439  	4526.605545  	6847.710971  
6888.92958  	5029.396474  	6587.913182  	4524.352699  	6849.527208  
6880.900261  	5021.389315  	6584.616679  	4506.637645  	6834.229239  
6891.604275  	5015.181718  	6603.192047  	4527.176049  	6855.483248  
6903.635258  	5037.643928  	6612.66522  	4530.628253  	6868.850541  
6891.774623  	5024.891876  	6616.699934  	4512.204835  	6847.586323  
6882.743251  	5018.371931  	6599.50122  	4524.281353  	6846.661672  
6885.220305  	5028.006821  	6618.241441  	4520.238325  	6865.108983  
6869.462449  	5048.267909  	6589.115921  	4524.045014  	6850.495512  
