6714.972004  	6302.204216  	6503.867105  	4129.890649  	6424.030723  
6723.672933  	6308.796128  	6505.503049  	4135.516885  	6425.96393  
6724.030084  	6295.139559  	6492.574968  	4131.587  	6430.224115  
6715.949017  	6337.331204  	6510.253439  	4127.894103  	6413.214018  
6713.889345  	6301.914571  	6504.091903  	4122.721046  	6411.769929  
6705.58993  	6306.745566  	6511.25095  	4121.770483  	6402.838937  
6703.088725  	6299.537383  	6487.732554  	4112.440734  	6409.59284  
6705.211188  	6299.043597  	6491.482869  	4110.672749  	6398.562937  
6713.602897  	6325.273482  	6496.843774  	4124.55679  	6428.857136  
6714.499753  	6301.248236  	6501.983013  	4121.382609  	6426.63976  
6717.249367  	6300.449059  	6493.717394  	4123.850109  	6420.945484  
6720.030836  	6294.253946  	6483.57669  	4128.045526  	6423.154402  
6706.386636  	6311.447475  	6483.974771  	4119.10467  	6411.521463  
6709.337688  	6282.728924  	6495.726356  	4119.43805  	6427.282468  
6703.523436  	6295.884442  	6491.741002  	4120.60181  	6429.68124  
6719.700779  	6341.242402  	6523.863022  	4128.487295  	6421.262038  
6719.235466  	6307.502137  	6516.643434  	4127.680403  	6430.415862  
6719.340071  	6330.156883  	6527.043372  	4124.101764  	6422.343849  
6716.550757  	6317.690709  	6509.494404  	4125.09331  	6409.285382  
6717.50916  	6300.501789  	6496.954088  	4129.131258  	6423.456037  
6720.409643  	6316.634975  	6502.170779  	4127.590617  	6425.706887  
6717.232945  	6314.918058  	6478.976764  	4123.795618  	6423.502357  
6725.714819  	6325.136225  	6496.795762  	4121.782817  	6428.5996  
6714.099212  	6304.401153  	6493.417646  	4116.705508  	6410.790015  
6700.679812  	6304.600571  	6503.300276  	4114.153165  	6412.98678  
6697.252741  	6258.723105  	6469.849244  	4121.952471  	6419.717602  
6708.196499  	6327.880037  	6493.277824  	4122.553392  	6430.172282  
6702.331969  	6282.193643  	6508.095365  	4117.082521  	6411.135763  
6704.475456  	6302.829455  	6512.765417  	4119.242459  	6437.275089  
6706.333006  	6298.838498  	6489.41588  	4102.300069  	6420.01101  
6711.060665  	6313.769128  	6485.31841  	4122.94108  	6427.145909  
6715.281767  	6312.780014  	6503.769951  	4127.591947  	6414.572534  
6720.606329  	6319.996921  	6502.839647  	4120.995687  	6417.395182  
6720.461043  	6288.843207  	6510.012956  	4121.888011  	6430.976987  
6710.287974  	6312.740812  	6516.919315  	4121.785721  	6435.611961  
6715.848261  	6331.350845  	6515.542506  	4119.211474  	6441.10848  
6722.883982  	6316.756826  	6516.918244  	4129.291829  	6426.804341  
6720.249775  	6324.035141  	6521.880001  	4131.335713  	6421.380618  
6722.813734  	6280.85502  	6514.137585  	4121.489421  	6418.285141  
6731.770241  	6315.219507  	6526.055417  	4137.359654  	6437.413417  
6719.235924  	6292.828504  	6505.341735  	4116.680284  	6422.991934  
6729.791857  	6332.587562  	6516.31241  	4138.57782  	6423.474793  
6728.600253  	6294.733633  	6516.738715  	4143.343261  	6431.038396  
6719.694749  	6311.766532  	6510.109661  	4123.982547  	6425.893904  
6713.182234  	6308.878418  	6524.88531  	4121.993147  	6414.108498  
6701.398519  	6307.118817  	6503.979235  	4122.98239  	6413.445686  
6709.916589  	6320.79688  	6500.803056  	4114.754759  	6416.078068  
6725.71753  	6359.663888  	6527.850069  	4123.87731  	6411.368128  
6727.754239  	6306.102943  	6499.015483  	4125.961492  	6420.515438  
6723.334027  	6314.90769  	6493.852079  	4124.981087  	6437.650198  
6718.355194  	6288.980608  	6491.313141  	4114.064044  	6442.334449  
6713.648816  	6312.322131  	6487.325695  	4136.62339  	6426.577022  
6720.10013  	6300.006577  	6502.555413  	4117.119415  	6425.724374  
6711.278838  	6311.449767  	6498.866183  	4113.890653  	6424.722292  
6706.541662  	6323.920869  	6491.774898  	4113.873173  	6418.813058  
6702.41827  	6273.870008  	6498.065903  	4109.338721  	6419.392551  
6704.247374  	6290.925069  	6477.005121  	4117.977414  	6430.787697  
6708.699646  	6314.13362  	6482.341002  	4120.515594  	6421.167212  
6712.277108  	6293.460454  	6468.131549  	4117.433606  	6408.036431  
6698.262905  	6298.384786  	6485.211423  	4120.264599  	6403.889715  
6705.024942  	6284.390959  	6494.566757  	4116.009842  	6423.752577  
6713.662891  	6296.840621  	6503.276802  	4113.24728  	6423.754018  
6721.847  	6293.05263  	6495.813044  	4122.840234  	6414.054431  
6717.816785  	6305.17179  	6511.056618  	4122.884432  	6412.988929  
6711.051599  	6301.920734  	6497.439385  	4117.702821  	6429.525418  
6708.133191  	6301.645363  	6493.719981  	4122.488826  	6434.888786  
6707.763534  	6293.980115  	6495.48974  	4121.083332  	6428.772747  
6704.592775  	6317.528166  	6509.812173  	4117.707553  	6406.957417  
6714.648319  	6345.235441  	6491.97289  	4121.111801  	6417.533604  
6714.055273  	6280.151482  	6521.899467  	4117.424554  	6419.179663  
6718.467944  	6304.481719  	6522.615484  	4118.273337  	6413.781672  
6718.723634  	6289.478755  	6484.166423  	4124.423422  	6415.023338  
6724.11658  	6295.728421  	6511.719902  	4134.054302  	6430.556782  
6727.647615  	6313.921501  	6523.530598  	4129.506127  	6417.825448  
6710.283971  	6309.539875  	6507.682796  	4121.412128  	6430.062455  
6710.519953  	6302.653176  	6508.828996  	4124.425273  	6425.043192  
6720.512613  	6298.9859  	6475.719444  	4117.635248  	6422.164578  
6711.936143  	6340.745077  	6492.277334  	4112.629333  	6409.540976  
6700.948622  	6328.594034  	6487.212949  	4130.833473  	6426.546565  
6709.929507  	6321.187759  	6488.462539  	4119.734253  	6405.595221  
6715.925928  	6304.475606  	6494.795695  	4128.274386  	6397.756788  
6709.930522  	6333.378343  	6502.07757  	4126.458358  	6412.866835  
6729.437055  	6305.872593  	6522.283591  	4125.572743  	6423.747975  
6708.984126  	6326.086575  	6509.535743  	4115.970811  	6400.134663  
6708.377153  	6306.442672  	6494.02919  	4122.247635  	6423.731581  
6720.989853  	6306.569341  	6519.402394  	4118.725715  	6424.454394  
6714.738145  	6316.593406  	6522.644881  	4121.358616  	6407.565294  
6712.977796  	6322.949413  	6506.887358  	4114.447071  	6434.252405  
6715.073204  	6299.05528  	6488.266533  	4126.790587  	6420.465703  
6705.052587  	6299.712014  	6470.818925  	4127.646221  	6435.438284  
6707.759135  	6318.530313  	6476.961713  	4123.488159  	6422.491045  
6720.778414  	6294.250409  	6479.443898  	4134.61915  	6433.249126  
6708.681909  	6302.407565  	6494.882736  	4125.225278  	6430.773407  
6701.723468  	6312.091647  	6498.314281  	4112.836597  	6422.313151  
6708.155535  	6283.36492  	6502.577015  	4117.327351  	6433.86153  
6710.504482  	6313.096261  	6520.956916  	4129.196324  	6423.201335  
6708.900985  	6275.435004  	6511.446731  	4122.440028  	6423.802614  
6706.044849  	6265.633201  	6506.575799  	4113.94077  	6414.072679  
6710.40333  	6278.928806  	6492.240784  	4116.101397  	6418.795205  
6714.884981  	6295.851423  	6492.138137  	4126.141796  	6418.184808  
6701.089004  	6306.768296  	6494.51079  	4124.954675  	6400.405487  
6705.111086  	6293.903266  	6485.603907  	4123.324378  	6424.531994  
6700.486185  	6301.905378  	6484.536474  	4118.350239  	6405.542737  
6699.980474  	6314.637127  	6491.583449  	4111.370371  	6418.672137  
6701.270838  	6293.805669  	6503.133966  	4104.242816  	6424.854595  
6693.516169  	6306.984365  	6479.559996  	4110.146003  	6407.216396  
6703.367259  	6293.273452  	6486.746707  	4113.318404  	6417.346321  
6715.804196  	6318.353884  	6502.766041  	4112.235879  	6406.458596  
6706.954976  	6268.41197  	6478.381587  	4109.334291  	6420.612287  
6704.447847  	6280.985217  	6492.911091  	4123.243316  	6416.921079  
6718.434746  	6312.315081  	6487.533915  	4121.767258  	6438.39055  
6731.828668  	6322.430883  	6528.703648  	4132.673103  	6435.470486  
6709.384086  	6296.874636  	6526.003732  	4129.291636  	6424.494903  
6700.609864  	6321.4632  	6481.321356  	4117.31014  	6389.082917  
6704.049214  	6321.578484  	6489.289089  	4126.347266  	6415.801812  
6709.352212  	6336.416195  	6464.751472  	4122.402408  	6427.824523  
6727.720694  	6350.740688  	6510.087974  	4137.211915  	6414.574662  
6717.748112  	6333.623465  	6495.206071  	4126.26206  	6427.491696  
6715.953108  	6320.141173  	6502.590335  	4115.586149  	6411.061951  
6706.409917  	6324.126739  	6489.443638  	4111.627338  	6414.344479  
6714.216546  	6286.27281  	6499.556079  	4116.589227  	6409.814544  
6711.951277  	6301.144212  	6483.70597  	4118.693246  	6422.080768  
6709.625552  	6279.705402  	6481.82029  	4113.686873  	6419.721053  
6713.34772  	6327.258356  	6511.317914  	4117.850301  	6421.033948  
6716.096305  	6318.351567  	6513.038957  	4121.818465  	6423.389543  
6705.015901  	6290.929707  	6495.520437  	4118.274936  	6409.564348  
6707.79919  	6284.776821  	6487.250589  	4111.221583  	6421.978299  
6713.291359  	6282.147461  	6485.645068  	4118.272773  	6419.154897  
6717.525608  	6280.029352  	6505.466438  	4108.767311  	6411.280569  
6723.263117  	6321.000055  	6509.096439  	4116.842084  	6431.431306  
6725.705621  	6255.607243  	6507.786741  	4137.726582  	6449.550561  
6714.724977  	6286.447186  	6511.727009  	4132.733789  	6416.767268  
6725.393384  	6318.182557  	6519.625084  	4126.094639  	6455.083692  
6722.117838  	6335.527678  	6507.50784  	4125.517096  	6432.415253  
6717.912963  	6289.485994  	6498.72202  	4115.889659  	6421.531018  
6709.511131  	6296.890685  	6488.252602  	4115.414371  	6421.24679  
6708.984924  	6309.048893  	6510.811601  	4111.741485  	6407.784376  
6709.055913  	6293.124053  	6476.464474  	4119.217812  	6423.436349  
6709.906834  	6311.757274  	6482.256168  	4116.399414  	6410.456477  
6693.253754  	6274.336954  	6468.734837  	4111.848195  	6411.822673  
6693.075496  	6306.116993  	6470.957998  	4115.557633  	6424.108501  
6709.93042  	6281.816102  	6486.038754  	4120.277083  	6415.110951  
6719.780254  	6298.22856  	6497.577447  	4118.802451  	6414.293852  
6711.047293  	6317.923843  	6491.730301  	4125.006568  	6419.151849  
6710.44983  	6309.115479  	6505.155994  	4113.964617  	6423.75138  
6709.995208  	6304.742442  	6493.9313  	4115.031208  	6446.289952  
6713.090245  	6296.624322  	6492.743699  	4110.762223  	6422.328903  
6715.602996  	6305.136823  	6505.992446  	4126.222923  	6406.607133  
6702.324364  	6292.529626  	6504.255853  	4113.724455  	6416.92428  
6702.536973  	6312.230035  	6505.517219  	4112.306706  	6409.546296  
6703.508082  	6311.284897  	6502.395002  	4121.067974  	6400.825596  
6715.815909  	6319.584991  	6504.954142  	4121.098429  	6399.139642  
6707.460106  	6286.31249  	6507.750126  	4119.636171  	6395.820798  
6705.203921  	6276.297064  	6508.584174  	4127.055175  	6426.775457  
6704.140099  	6286.716099  	6515.867352  	4115.945576  	6421.612561  
6713.571278  	6285.254992  	6512.90857  	4124.717277  	6425.625512  
6706.574534  	6295.301344  	6508.882498  	4121.595174  	6434.511149  
6725.068857  	6307.720688  	6516.126251  	4123.632057  	6420.583059  
6722.440911  	6345.588568  	6527.245281  	4134.612386  	6413.823498  
6718.951134  	6308.88932  	6502.808437  	4130.764086  	6447.672493  
6712.682532  	6320.829121  	6506.97864  	4130.920431  	6428.601653  
6714.78827  	6295.899329  	6506.989218  	4139.315838  	6450.732615  
6722.551494  	6277.02841  	6519.966392  	4139.343804  	6426.129443  
6710.877329  	6332.282246  	6500.115252  	4135.987061  	6406.376353  
6706.144568  	6335.892339  	6523.482835  	4135.793869  	6441.847937  
6712.542169  	6341.479487  	6510.003081  	4126.813945  	6419.157302  
6714.618695  	6338.464071  	6510.69125  	4135.00082  	6435.345197  
6719.159385  	6317.416429  	6514.345495  	4123.759534  	6427.256369  
6722.934026  	6347.840322  	6505.306091  	4137.018723  	6442.591007  
6720.190529  	6315.942861  	6497.381382  	4123.582762  	6442.768814  
6718.43704  	6329.009312  	6499.588319  	4127.355875  	6431.255404  
6714.053702  	6330.390799  	6512.593545  	4118.395129  	6418.423451  
6716.658487  	6321.657301  	6512.810859  	4141.924953  	6437.216393  
6709.747338  	6288.474131  	6488.253485  	4123.400098  	6411.212689  
6712.482615  	6315.461097  	6490.49137  	4125.087465  	6431.327438  
6724.815061  	6344.630874  	6525.507736  	4138.179982  	6441.439076  
6719.416503  	6332.969358  	6518.820652  	4131.377414  	6410.314453  
6719.257955  	6309.16053  	6513.951383  	4125.850119  	6424.470995  
6722.547522  	6309.028216  	6507.939881  	4105.997796  	6418.694692  
6716.119741  	6300.472397  	6512.563158  	4124.956574  	6436.961833  
6719.26181  	6330.913544  	6516.671634  	4121.848245  	6409.230903  
6719.611414  	6368.055594  	6529.675148  	4119.154085  	6415.037308  
6722.408491  	6337.215053  	6526.084059  	4123.655265  	6430.260875  
6726.322794  	6354.21724  	6524.642198  	4133.491888  	6431.846149  
6728.456922  	6330.82111  	6516.850829  	4135.450233  	6419.594564  
6716.591269  	6299.44021  	6513.63541  	4133.625492  	6432.460959  
6723.972899  	6296.132553  	6501.907005  	4130.929126  	6412.254349  
6721.843332  	6308.178561  	6498.51688  	4136.872061  	6424.429712  
6731.355931  	6300.019023  	6513.433392  	4141.412242  	6418.881034  
6726.149783  	6309.050577  	6510.992709  	4141.064408  	6420.326109  
6733.658886  	6337.681556  	6523.447824  	4144.892287  	6432.796679  
6727.785205  	6336.063028  	6506.482934  	4133.169383  	6439.492754  
6721.543568  	6319.256472  	6500.597012  	4137.453699  	6418.344262  
6705.457851  	6316.99433  	6482.847337  	4093.963419  	6411.154622  
6714.765316  	6295.515221  	6509.984089  	4129.473024  	6448.585148  
6707.073305  	6226.702432  	6489.775565  	4108.669924  	6411.049226  
6715.01148  	6289.132947  	6488.408092  	4127.776245  	6428.200455  
6717.088798  	6297.923046  	6500.258221  	4130.129397  	6423.379551  
6730.023231  	6305.050657  	6509.72241  	4132.841462  	6424.677828  
6720.974083  	6317.043258  	6494.581819  	4140.578767  	6441.744258  
6718.051005  	6334.731739  	6527.080666  	4130.764293  	6435.622109  
6729.168534  	6312.866535  	6524.261652  	4135.395119  	6446.110059  
6732.716625  	6316.122185  	6519.652706  	4132.07072  	6424.23288  
6719.568042  	6329.296003  	6509.440205  	4127.942284  	6442.437883  
6718.740742  	6328.182971  	6487.297821  	4120.890297  	6430.47372  
6720.892888  	6291.376465  	6487.311759  	4118.482978  	6406.704909  
6699.946021  	6301.128707  	6494.491933  	4118.793432  	6417.002499  
6707.582576  	6284.118025  	6492.425711  	4114.217249  	6419.166058  
6709.155312  	6322.435502  	6533.135413  	4115.681673  	6416.154616  
6713.048418  	6299.663071  	6512.364319  	4124.646091  	6412.280909  
6720.081977  	6287.656808  	6504.200348  	4122.30157  	6406.737859  
6721.670153  	6306.166001  	6528.808318  	4119.965924  	6419.39483  
6711.692254  	6295.760378  	6498.235389  	4126.55093  	6410.298054  
6715.722428  	6329.713449  	6500.944632  	4130.840041  	6410.489674  
6705.961672  	6286.079356  	6483.809457  	4123.88251  	6416.396512  
6707.049469  	6278.946887  	6489.674821  	4127.474373  	6417.476373  
6714.681661  	6323.015251  	6483.080889  	4124.528376  	6437.297243  
6710.541619  	6311.898726  	6471.377911  	4122.179118  	6429.571759  
6706.334453  	6299.243358  	6485.463148  	4134.891723  	6421.235496  
6712.766518  	6274.133953  	6495.001255  	4130.329529  	6418.133946  
6711.365853  	6293.30126  	6492.710216  	4125.850446  	6416.916634  
6707.144443  	6298.619215  	6502.508625  	4131.399285  	6413.450714  
6715.983132  	6296.505685  	6485.203703  	4130.764034  	6426.247363  
6725.098511  	6328.464186  	6508.973518  	4121.053136  	6426.160045  
6722.837486  	6337.993408  	6533.333037  	4134.772888  	6409.961347  
6726.073568  	6351.859116  	6537.648897  	4131.85407  	6445.002529  
6717.629176  	6313.950464  	6522.480409  	4121.116151  	6405.550899  
6705.137342  	6320.980693  	6501.174329  	4129.412699  	6419.917375  
6712.36807  	6312.538549  	6500.989341  	4117.340463  	6421.203116  
6712.225465  	6312.736702  	6516.859307  	4125.823701  	6416.339072  
6713.946619  	6288.558275  	6486.752479  	4128.335606  	6427.544578  
6718.142352  	6315.914436  	6514.564296  	4129.102081  	6413.606717  
6710.850277  	6327.569122  	6499.68401  	4136.018231  	6419.825204  
6709.807684  	6326.243882  	6492.513531  	4125.233674  	6420.70103  
6704.799749  	6317.257783  	6501.406802  	4118.711322  	6419.452245  
6711.902965  	6303.544214  	6505.347359  	4115.350697  	6427.572887  
6708.918031  	6322.734146  	6494.945828  	4112.393432  	6402.5986  
6695.115026  	6332.676852  	6481.91487  	4106.138244  	6410.561216  
6695.102634  	6297.280014  	6477.534277  	4109.214219  	6422.816048  
6702.312052  	6334.580028  	6493.526053  	4108.161862  	6392.718506  
6705.186274  	6303.400625  	6497.804283  	4114.298263  	6420.078315  
6712.069989  	6318.857905  	6493.04159  	4116.535588  	6415.352669  
6699.132376  	6309.802331  	6498.436348  	4112.534638  	6404.07757  
6703.904702  	6300.118971  	6499.893434  	4120.616567  	6430.288891  
6706.365559  	6299.398712  	6506.799272  	4124.891311  	6426.702329  
6712.740408  	6326.304329  	6506.557027  	4125.277935  	6422.019576  
6723.477951  	6308.590387  	6501.062052  	4128.506989  	6433.186189  
6700.497243  	6287.853446  	6489.089608  	4115.467704  	6419.847701  
6696.080093  	6263.811633  	6487.305331  	4108.781084  	6431.944649  
6707.244668  	6272.087861  	6487.302843  	4116.462724  	6414.053512  
6710.148595  	6302.909444  	6490.246343  	4113.643002  	6427.726306  
6707.470959  	6290.083367  	6474.033756  	4104.243411  	6403.755422  
6700.428739  	6282.408716  	6481.821962  	4124.8651  	6406.966381  
6709.813308  	6292.101966  	6510.687037  	4123.450147  	6420.439574  
6704.774728  	6316.770179  	6489.321727  	4122.631928  	6422.803093  
6714.839763  	6297.488087  	6503.948786  	4125.656056  	6433.801019  
6720.427377  	6272.551578  	6491.459876  	4121.458361  	6431.541221  
6720.965055  	6272.37513  	6493.311612  	4124.065158  	6454.998297  
6703.349845  	6314.615593  	6494.812474  	4114.560819  	6401.212761  
6705.441409  	6270.479871  	6505.511149  	4110.596492  	6408.394896  
6699.116022  	6291.731027  	6507.863581  	4115.675655  	6409.081106  
6698.818172  	6296.030473  	6477.460877  	4116.374665  	6397.154324  
6701.195116  	6308.668288  	6474.520806  	4118.500846  	6412.726822  
6692.208551  	6314.507688  	6468.255498  	4109.699446  	6419.851987  
6696.748917  	6320.371732  	6490.405168  	4113.399939  	6417.515538  
6710.590586  	6310.636938  	6499.938515  	4123.173673  	6405.909963  
6716.77169  	6277.397008  	6502.439438  	4128.635204  	6407.200789  
6713.278161  	6307.613705  	6528.656237  	4142.698319  	6421.189776  
6697.801619  	6322.961271  	6478.670381  	4117.600455  	6405.186406  
6711.041836  	6310.855897  	6483.872623  	4115.294376  	6419.502767  
6711.0221  	6350.551733  	6493.947658  	4128.164633  	6440.2484  
6728.26859  	6287.288604  	6509.432722  	4135.820609  	6442.476695  
6727.861342  	6311.326745  	6517.265143  	4135.452653  	6402.615063  
6735.450905  	6328.976488  	6537.05986  	4134.152406  	6434.611593  
6724.076121  	6310.986099  	6518.588097  	4129.092267  	6421.468958  
6724.623064  	6332.108767  	6516.277276  	4129.267295  	6415.463246  
6732.004863  	6313.261619  	6523.472606  	4125.388346  	6412.857539  
6736.677384  	6372.062719  	6503.031822  	4132.099712  	6440.010567  
6726.82964  	6343.263986  	6517.545307  	4123.856004  	6410.334611  
6715.459315  	6316.841294  	6509.638696  	4129.726477  	6406.696563  
6714.981327  	6361.690559  	6511.708057  	4123.132146  	6416.254762  
6725.472795  	6308.689533  	6509.200797  	4131.07306  	6406.801493  
6722.250823  	6267.214754  	6479.082976  	4129.143983  	6435.794322  
6713.606275  	6283.90624  	6515.417699  	4120.887835  	6438.436141  
6706.687268  	6301.267294  	6479.341104  	4129.47324  	6429.036693  
6713.818349  	6318.111732  	6488.505352  	4125.359271  	6431.125744  
6715.982822  	6302.905009  	6520.705225  	4128.853057  	6420.921254  
6714.774059  	6308.212432  	6495.652156  	4118.075539  	6418.813778  
6701.130999  	6302.288081  	6491.922797  	4117.90764  	6410.100167  
6699.378633  	6293.93895  	6490.332296  	4129.984576  	6416.665289  
6704.124488  	6282.883196  	6466.511403  	4119.587306  	6400.31895  
6718.16826  	6309.462876  	6506.77406  	4124.654905  	6434.169211  
6721.600508  	6269.454849  	6507.879493  	4114.457232  	6440.331006  
6716.203635  	6303.836082  	6528.213562  	4117.089833  	6425.32166  
6708.490662  	6329.259108  	6492.816726  	4107.684086  	6419.987172  
6707.64487  	6259.153669  	6489.680142  	4122.225273  	6432.251561  
6723.457753  	6276.323551  	6512.844887  	4129.168977  	6437.960594  
6712.427577  	6313.332011  	6495.692666  	4129.307699  	6420.632406  
6711.627588  	6325.937032  	6505.05396  	4130.796296  	6412.453095  
6706.289902  	6295.411153  	6477.08433  	4125.067711  	6413.576934  
6694.833451  	6296.520353  	6495.559577  	4124.666658  	6413.614779  
6703.094087  	6303.686688  	6494.501706  	4122.967315  	6446.313654  
6712.15415  	6314.358752  	6499.151506  	4120.209709  	6428.632225  
6721.903755  	6278.965148  	6498.028613  	4117.260715  	6421.816858  
6735.052505  	6276.159608  	6517.437923  	4128.882718  	6422.482223  
6716.531123  	6311.495765  	6507.032745  	4124.184413  	6420.766285  
6722.028047  	6296.485865  	6488.728855  	4128.701618  	6436.07698  
6712.029714  	6316.589585  	6495.251266  	4123.623714  	6431.334298  
6716.161994  	6313.20022  	6499.132639  	4122.606036  	6415.847554  
6714.740739  	6320.296083  	6493.89511  	4119.868164  	6397.275957  
6717.80025  	6310.016148  	6507.630983  	4125.608366  	6432.764778  
6721.690606  	6325.269745  	6522.598334  	4131.58273  	6429.187807  
6713.6763  	6310.242053  	6511.008623  	4122.488115  	6415.390456  
6709.358499  	6323.128692  	6501.954892  	4115.331622  	6418.518787  
6702.005087  	6254.525107  	6489.763972  	4100.981843  	6402.058383  
6701.849463  	6338.383106  	6485.921387  	4122.596763  	6413.181014  
6694.569546  	6280.146484  	6485.77285  	4108.237831  	6405.754099  
6678.229798  	6284.876475  	6476.551496  	4092.446412  	6390.002267  
6687.313195  	6302.111946  	6468.914761  	4099.21238  	6411.368547  
6701.791089  	6314.189025  	6503.42589  	4113.082301  	6421.115476  
6712.957734  	6312.833122  	6500.967729  	4124.690613  	6428.539822  
6704.693327  	6301.850611  	6490.290478  	4111.729335  	6434.081878  
6690.563655  	6336.36921  	6470.999215  	4125.271357  	6419.143431  
6706.647153  	6301.958147  	6490.779687  	4111.593141  	6408.21906  
6698.655694  	6333.27268  	6487.252064  	4101.263744  	6400.264853  
6711.454597  	6322.419349  	6500.664157  	4125.332301  	6422.099459  
6715.885811  	6338.345334  	6500.318438  	4115.777031  	6418.511677  
6718.553713  	6293.44183  	6512.116042  	4129.970617  	6409.21633  
6727.40824  	6362.184256  	6516.006229  	4137.827011  	6432.60914  
6724.444206  	6305.200205  	6508.155938  	4135.635222  	6428.690264  
6717.785308  	6320.229557  	6478.223274  	4130.774222  	6435.758852  
6714.014881  	6311.469677  	6504.899375  	4136.125779  	6433.092345  
6721.737709  	6275.623147  	6518.988097  	4139.845988  	6421.303253  
6721.793205  	6291.104422  	6508.606143  	4125.501309  	6425.87931  
6719.98396  	6272.20449  	6491.187578  	4121.147301  	6422.554763  
6724.294115  	6287.905438  	6494.579647  	4130.04217  	6422.732922  
6711.154348  	6311.959069  	6501.586597  	4118.462874  	6413.862874  
6722.029099  	6254.19875  	6494.613681  	4124.840929  	6405.589768  
6709.88899  	6281.88641  	6490.283309  	4122.951891  	6409.616503  
6716.481415  	6332.313975  	6502.200277  	4131.119628  	6415.963723  
6715.828407  	6309.922991  	6502.315301  	4129.647972  	6423.484291  
6717.331523  	6299.361512  	6485.811993  	4125.274067  	6416.968696  
6725.308229  	6299.548768  	6514.897563  	4118.541897  	6432.106319  
6724.010226  	6311.80822  	6512.378169  	4137.640208  	6451.33443  
6725.062548  	6319.697839  	6520.364441  	4133.656938  	6432.929109  
6706.405104  	6293.742222  	6478.590359  	4115.3467  	6409.38205  
6716.989615  	6302.654421  	6504.501517  	4126.295748  	6426.268244  
6725.292871  	6321.67185  	6508.609832  	4123.860449  	6418.382276  
6704.583327  	6295.666449  	6492.20805  	4127.345818  	6419.065339  
6711.147818  	6327.937654  	6482.241238  	4117.351027  	6394.475972  
6714.112411  	6266.333182  	6517.829283  	4117.197893  	6417.920103  
6733.267947  	6274.817722  	6532.878932  	4129.183956  	6440.26098  
6722.565859  	6301.787533  	6503.032277  	4126.888601  	6432.291799  
6715.091464  	6289.309984  	6506.173192  	4118.77885  	6427.279191  
6724.23421  	6299.45876  	6503.402815  	4126.385181  	6434.547529  
6724.825272  	6258.756104  	6491.54546  	4130.904709  	6430.322688  
6720.690195  	6315.688825  	6507.619761  	4128.134157  	6412.122688  
6723.146266  	6314.08936  	6512.14452  	4128.222013  	6429.169036  
6715.876649  	6326.480957  	6504.458353  	4134.470609  	6404.573547  
6705.96425  	6335.008993  	6522.585909  	4119.518626  	6433.5118  
6716.03292  	6317.549366  	6517.870451  	4123.602848  	6417.466652  
6716.903891  	6308.417436  	6499.343659  	4118.145254  	6420.043466  
6709.2624  	6314.90479  	6484.447977  	4114.871186  	6411.521632  
6704.602939  	6321.33237  	6497.628257  	4123.196648  	6399.457194  
6704.416972  	6284.5056  	6492.399756  	4121.040127  	6391.049585  
6706.281697  	6323.039795  	6511.956402  	4121.677223  	6404.235059  
6710.602585  	6350.062804  	6499.788422  	4121.653016  	6406.215636  
6717.223825  	6329.220145  	6511.898686  	4127.515941  	6428.039066  
6723.951578  	6328.682856  	6502.773852  	4116.626176  	6427.854589  
6722.831987  	6309.174366  	6509.964885  	4119.210811  	6420.53437  
6723.351586  	6323.242536  	6511.185946  	4128.856316  	6445.156084  
6714.265513  	6325.939847  	6501.131992  	4114.25384  	6427.104525  
6716.924162  	6347.258555  	6508.087453  	4124.258658  	6437.863779  
6732.434263  	6341.761669  	6504.593371  	4133.930982  	6452.77033  
6717.962188  	6326.07962  	6510.639473  	4122.048492  	6464.576537  
6724.127399  	6351.862843  	6510.520317  	4125.081819  	6437.700328  
6710.666376  	6295.662827  	6490.252218  	4117.579466  	6428.352265  
6699.157558  	6254.769158  	6498.276948  	4123.498183  	6421.365436  
6711.465968  	6280.427854  	6497.918612  	4125.657556  	6412.514615  
6714.549282  	6297.689528  	6505.681962  	4115.186638  	6434.903573  
6722.555036  	6310.543148  	6521.696363  	4132.912715  	6431.702507  
6726.807254  	6306.190893  	6527.458293  	4132.42953  	6429.227931  
6726.779781  	6314.128154  	6508.873094  	4124.120426  	6451.478751  
6709.337078  	6285.674291  	6501.385542  	4113.931769  	6420.345426  
6713.921056  	6272.127855  	6496.938748  	4116.521543  	6414.730933  
6708.162606  	6290.327024  	6484.18617  	4114.576897  	6418.81728  
6709.834325  	6308.932039  	6487.214828  	4117.689238  	6436.881631  
6715.460875  	6276.958705  	6502.774089  	4124.277974  	6427.681924  
6720.056279  	6300.261848  	6507.565554  	4136.904326  	6423.876142  
6715.049349  	6285.494624  	6497.668139  	4127.706678  	6420.96233  
6702.427393  	6274.128971  	6486.655922  	4113.691666  	6404.290787  
6708.755195  	6297.634756  	6494.25004  	4117.738214  	6409.223325  
6701.666762  	6306.882349  	6482.98061  	4114.035715  	6408.486036  
6696.154041  	6286.013044  	6487.348934  	4110.790533  	6424.710877  
6695.123231  	6283.368617  	6489.152647  	4119.21097  	6416.516758  
6695.938774  	6302.301549  	6476.748536  	4117.528943  	6402.39074  
6699.337948  	6279.357048  	6476.79103  	4107.970693  	6420.827308  
6707.569803  	6307.768575  	6493.885525  	4116.047564  	6415.727901  
6706.182438  	6297.771245  	6481.803253  	4117.340526  	6401.230315  
6693.47509  	6289.4774  	6467.752766  	4108.795023  	6391.836899  
6700.262722  	6321.438731  	6477.345543  	4120.036415  	6414.01514  
6708.566444  	6288.954077  	6495.732818  	4113.822908  	6419.512967  
6703.712032  	6320.596944  	6510.360716  	4124.833971  	6425.177966  
6708.821665  	6316.116744  	6500.783524  	4118.261894  	6400.600116  
6716.203477  	6329.959488  	6508.228879  	4120.692096  	6426.899872  
6711.340976  	6312.498974  	6494.341474  	4120.63155  	6452.071925  
6715.895676  	6315.528226  	6498.417628  	4133.862778  	6409.920437  
6715.006285  	6296.642877  	6487.034608  	4130.823107  	6435.050878  
6712.850626  	6314.332131  	6491.983907  	4137.674826  	6433.310918  
6716.203266  	6296.382499  	6496.183625  	4131.210069  	6422.242902  
6713.807219  	6297.013164  	6513.609833  	4120.29649  	6420.784602  
6714.736884  	6303.945631  	6487.00262  	4125.597088  	6417.595661  
6715.89421  	6276.875414  	6504.254088  	4116.106955  	6411.633361  
6726.513131  	6284.115907  	6510.472797  	4129.70163  	6428.426547  
6729.644559  	6308.728426  	6502.871699  	4139.847031  	6418.740361  
6727.845571  	6369.605145  	6524.398108  	4119.916391  	6413.38312  
6740.949579  	6304.54392  	6527.668188  	4144.955584  	6441.026949  
6730.13886  	6260.329336  	6514.226869  	4121.298545  	6418.766822  
6727.590641  	6307.565644  	6518.103307  	4117.811496  	6427.691861  
6726.499296  	6324.329505  	6520.185944  	4125.847059  	6425.513232  
6714.442233  	6293.096585  	6511.555029  	4117.748678  	6417.673632  
6717.049432  	6337.525635  	6517.061255  	4119.829395  	6417.941889  
6725.629824  	6306.834433  	6517.37556  	4120.663486  	6408.802487  
6732.367956  	6344.489786  	6526.383197  	4118.699074  	6422.962879  
6726.924317  	6316.301773  	6526.853979  	4131.192844  	6424.106475  
6726.264167  	6324.623022  	6508.376324  	4132.539411  	6416.906573  
6717.024082  	6295.666469  	6498.443949  	4128.171121  	6434.599573  
6716.518608  	6346.852798  	6511.63501  	4128.184034  	6407.384289  
6715.303777  	6305.200589  	6490.039842  	4132.353651  	6418.955364  
6707.730902  	6328.450061  	6494.82466  	4124.835532  	6426.865638  
6720.930629  	6311.337348  	6510.939137  	4127.374189  	6426.192344  
6717.203482  	6314.421432  	6509.83214  	4125.874096  	6424.225146  
6722.294045  	6346.321488  	6517.789608  	4120.715817  	6438.121974  
6717.718236  	6330.244126  	6508.779453  	4125.714146  	6431.293089  
6716.426167  	6323.81395  	6519.392715  	4122.449865  	6420.535412  
6714.299473  	6292.363102  	6505.698029  	4115.665728  	6432.687193  
6704.511374  	6308.727549  	6488.701437  	4123.472131  	6423.626685  
6709.348022  	6319.937106  	6501.97996  	4135.187313  	6433.531268  
6709.580694  	6319.644481  	6494.550702  	4116.163695  	6393.452914  
6702.805547  	6274.098329  	6498.510275  	4118.478354  	6442.530454  
6693.923049  	6277.754569  	6490.871145  	4113.832029  	6404.998942  
6705.975891  	6278.985287  	6484.075777  	4111.918417  	6431.234752  
6712.378959  	6302.911317  	6486.477847  	4115.083215  	6406.590007  
6712.284932  	6280.919558  	6496.484426  	4124.870788  	6429.418496  
6706.965846  	6330.566596  	6489.338511  	4128.617318  	6433.413188  
6708.914276  	6266.781076  	6486.420399  	4131.850204  	6431.569583  
6695.955557  	6308.702447  	6458.708806  	4115.131675  	6378.91698  
6714.740713  	6328.8494  	6496.612531  	4123.195278  	6411.760658  
6717.40909  	6324.705267  	6501.912679  	4122.559647  	6432.364333  
6721.791491  	6280.409628  	6523.961828  	4119.572443  	6414.970245  
