6926.509186  	6954.975157  	6465.259517  	4053.225531  	6378.983344  
6919.275581  	6951.793746  	6466.496385  	4042.320553  	6363.631296  
6917.287702  	6943.893694  	6452.522106  	4048.475261  	6387.193335  
6905.423012  	6923.054762  	6448.011984  	4046.608048  	6372.513808  
6915.348183  	6944.531938  	6460.857044  	4047.317139  	6363.188573  
6920.547824  	6972.773487  	6481.105064  	4057.546609  	6375.442859  
6927.174811  	6940.490743  	6473.530626  	4054.034018  	6377.180691  
6917.169625  	6974.380909  	6475.019986  	4051.430665  	6377.494532  
6928.213816  	6945.566247  	6473.926071  	4065.811005  	6388.95903  
6932.592109  	6946.374741  	6476.975437  	4053.356066  	6363.807485  
6933.746447  	6969.324363  	6477.180417  	4062.966215  	6383.221008  
6928.822833  	6960.058888  	6475.437168  	4056.318592  	6377.497336  
6934.220192  	6965.639614  	6470.358581  	4061.663481  	6401.148917  
6925.447216  	6948.621183  	6470.873605  	4043.227508  	6371.224941  
6928.715742  	6950.575803  	6494.28944  	4054.94559  	6388.442723  
6927.506433  	6940.755022  	6473.482633  	4046.41346  	6356.311092  
6926.916192  	6940.578509  	6467.606894  	4047.039483  	6392.798973  
6919.2471  	6947.74844  	6450.347178  	4053.792295  	6386.56203  
6920.82486  	6954.098927  	6463.849809  	4053.381822  	6363.688281  
6925.554612  	6951.966363  	6468.026837  	4052.149854  	6375.799536  
6931.072087  	6972.88766  	6482.239397  	4061.193965  	6368.783896  
6913.144276  	6960.448476  	6458.268516  	4042.269735  	6385.436894  
6915.636654  	6944.124716  	6475.721017  	4041.353686  	6381.652383  
6924.224083  	6909.117486  	6459.072916  	4039.348723  	6371.675426  
6917.210226  	6953.580532  	6449.50243  	4049.434971  	6355.110768  
6917.19889  	6940.144187  	6472.869205  	4060.066547  	6384.545757  
6918.997788  	6921.451351  	6441.787757  	4040.714491  	6375.278378  
6919.069653  	6897.308086  	6443.473779  	4037.896088  	6369.368951  
6906.024563  	6944.065315  	6448.378944  	4032.198321  	6376.505323  
6917.788362  	6941.998884  	6466.029225  	4051.468179  	6376.16985  
6917.687173  	6936.684361  	6462.337065  	4061.300095  	6390.804278  
6919.614767  	6937.508899  	6461.103204  	4048.840401  	6377.347038  
6928.293828  	6916.482776  	6445.170331  	4044.083252  	6374.255986  
6940.08327  	6975.676409  	6483.028849  	4047.077305  	6394.449559  
6927.592881  	6947.271081  	6473.224199  	4047.237736  	6385.246615  
6930.480326  	6998.484813  	6476.156536  	4049.822821  	6375.789035  
6914.334302  	6964.845987  	6487.872514  	4051.602188  	6408.213768  
6920.177917  	6933.817876  	6474.544424  	4053.804267  	6366.96777  
6914.679496  	6947.279845  	6466.269206  	4047.069039  	6385.133418  
6921.26203  	6953.296182  	6467.925944  	4050.798561  	6357.738676  
6932.182594  	6960.958935  	6459.883  	4054.354348  	6373.523022  
6923.040302  	6942.436748  	6460.544169  	4049.34987  	6388.61694  
6930.808662  	6929.9076  	6478.82808  	4050.034951  	6391.742685  
6943.189796  	6977.051583  	6479.855865  	4061.04291  	6389.510058  
6934.494609  	6942.881432  	6480.407971  	4056.189059  	6375.942163  
6934.966474  	6931.529885  	6481.027306  	4057.162064  	6404.84089  
6935.305544  	6974.631283  	6497.136927  	4068.072374  	6390.313883  
6943.85821  	6962.854213  	6484.686816  	4068.901284  	6391.251537  
6935.597243  	6971.1805  	6487.322833  	4057.614541  	6393.628753  
6921.068826  	6962.194386  	6469.074285  	4055.904471  	6388.027226  
6933.830124  	6936.785385  	6458.54486  	4051.721871  	6373.023049  
6921.724098  	6946.979333  	6465.421308  	4055.875623  	6371.287381  
6931.436981  	6963.329455  	6471.705138  	4048.303825  	6366.019896  
6918.777955  	6945.72288  	6450.95052  	4040.307399  	6369.529538  
6921.781976  	6970.332325  	6465.454025  	4054.831912  	6382.914714  
6930.861309  	6915.34228  	6463.227904  	4051.633975  	6373.422731  
6907.696648  	6938.111094  	6460.628757  	4032.307366  	6380.516767  
6918.618818  	6926.456573  	6456.684192  	4041.436515  	6365.145131  
6920.354454  	6970.398766  	6468.834361  	4036.731312  	6378.794123  
6918.966459  	6956.035963  	6467.699048  	4032.820727  	6371.342469  
6908.478259  	6945.589923  	6447.090488  	4045.635975  	6385.387288  
6914.722196  	6908.953175  	6458.778633  	4039.10896  	6361.347084  
6907.6816  	6946.969278  	6438.738875  	4040.838238  	6359.748345  
6903.321071  	6980.817472  	6444.199205  	4046.938774  	6368.208089  
6902.819042  	6929.735606  	6440.620464  	4026.315942  	6351.130296  
6900.346104  	6935.697664  	6448.861186  	4037.004417  	6373.43876  
6906.629461  	6941.362011  	6456.835385  	4050.027126  	6362.062325  
6931.315731  	6920.55262  	6471.468988  	4046.00916  	6370.890845  
6929.512931  	6973.814244  	6472.803308  	4053.995203  	6382.785189  
6935.785919  	6962.1605  	6480.162323  	4043.34792  	6382.09362  
6932.008749  	6975.81534  	6480.733976  	4054.484884  	6375.6898  
6929.560673  	6972.609828  	6477.717068  	4054.203723  	6381.422369  
6921.699458  	6978.649459  	6483.067216  	4062.086413  	6367.744656  
6919.736312  	6941.804922  	6495.388068  	4050.5854  	6372.992269  
6919.347267  	6951.98001  	6468.910526  	4055.119113  	6365.038842  
6913.012129  	6905.358827  	6464.246419  	4049.407778  	6380.049479  
6918.300824  	6932.229293  	6461.279045  	4045.545648  	6372.735671  
6916.202373  	6946.734848  	6454.221145  	4035.461024  	6361.138524  
6930.06328  	6891.760543  	6467.168461  	4043.276579  	6382.03021  
6934.817579  	6956.23875  	6467.254601  	4067.35845  	6366.634106  
6939.114678  	6942.882698  	6468.560649  	4056.071333  	6385.833936  
6931.347293  	6936.456638  	6481.656084  	4066.65482  	6392.139507  
6923.095011  	6946.943648  	6476.920792  	4058.052896  	6389.753888  
6920.5091  	6928.395423  	6469.100152  	4040.162548  	6381.288758  
6908.916114  	6908.566755  	6458.944146  	4039.476092  	6372.122676  
6921.742033  	6940.424341  	6458.893756  	4053.775072  	6383.366226  
6925.997021  	6956.773951  	6441.692531  	4054.723843  	6380.676336  
6933.964528  	6946.494096  	6459.218432  	4053.876938  	6374.536042  
6927.936568  	6964.380829  	6482.921249  	4056.100337  	6388.598904  
6916.529634  	6948.597925  	6460.896694  	4051.676428  	6379.278821  
6925.089173  	6956.312206  	6459.210014  	4038.409163  	6380.038427  
6923.138997  	6933.833327  	6441.323999  	4049.963431  	6374.783725  
6926.442395  	6920.441929  	6464.807687  	4062.106582  	6400.411287  
6932.265384  	6912.579998  	6467.70011  	4060.275338  	6386.835907  
6936.254831  	6912.020109  	6458.744551  	4057.351023  	6377.930866  
6927.558032  	6960.083446  	6472.793111  	4053.714039  	6380.401198  
6931.737608  	6942.845798  	6468.488264  	4051.946902  	6386.186436  
6929.06208  	6955.138458  	6468.057424  	4052.242769  	6381.019908  
6931.429342  	6943.109828  	6474.447864  	4056.616054  	6392.353181  
6929.225815  	6949.407775  	6481.23196  	4043.076485  	6384.420675  
6927.127326  	6973.083217  	6493.123842  	4050.196918  	6405.448908  
6943.032895  	6952.573601  	6482.699692  	4052.569601  	6389.124617  
6943.102108  	6925.222706  	6502.367598  	4064.709657  	6392.470601  
6928.783357  	6958.352444  	6486.94754  	4055.200112  	6397.680387  
6920.458401  	7001.948138  	6491.31257  	4049.176554  	6363.077667  
6935.19333  	6977.653141  	6494.152229  	4063.150644  	6377.258476  
6937.451046  	6976.738291  	6485.222264  	4061.178748  	6384.230891  
6932.756438  	7012.934162  	6481.959196  	4062.411003  	6385.482542  
6927.936627  	6970.113809  	6462.651908  	4052.839222  	6380.273914  
6916.927051  	6960.219981  	6490.185651  	4053.413266  	6377.449574  
6927.981884  	6981.162244  	6460.026055  	4055.231879  	6375.960485  
6930.169628  	6969.969791  	6466.395795  	4054.678673  	6382.639088  
6929.117039  	6968.79125  	6448.354872  	4058.07983  	6368.600248  
6927.952232  	6948.649743  	6461.975246  	4048.73539  	6372.926779  
6932.981153  	6967.877441  	6451.551668  	4058.068436  	6399.393193  
6920.391402  	6934.76993  	6455.576112  	4059.967003  	6391.469666  
6916.964863  	6976.187834  	6445.997595  	4056.409015  	6389.843183  
6907.359342  	6941.485521  	6451.049606  	4046.010232  	6377.659837  
6901.706264  	6949.076207  	6449.809464  	4043.287324  	6371.973518  
6903.268439  	6974.181416  	6458.749053  	4050.631949  	6373.385854  
6905.903557  	6917.943409  	6440.431061  	4043.496743  	6368.29752  
6910.743356  	6929.437844  	6453.682382  	4044.816099  	6364.966248  
6914.539169  	6924.979437  	6456.007271  	4035.508058  	6373.516086  
6924.000256  	6936.439672  	6461.83156  	4038.806867  	6367.317877  
6924.716374  	6924.850028  	6470.031092  	4035.887067  	6362.19556  
6921.621182  	6937.729801  	6461.289588  	4048.899293  	6385.208279  
6921.667932  	6955.616022  	6474.178306  	4047.08216  	6363.02046  
6928.67895  	6969.256786  	6469.408913  	4060.659525  	6381.657739  
6928.617158  	6939.478346  	6504.929301  	4058.082139  	6390.534565  
6930.11696  	6898.676867  	6451.022873  	4057.763713  	6385.087161  
6925.586343  	6959.89213  	6451.24034  	4044.03616  	6364.179648  
6933.628047  	6946.621692  	6464.209608  	4052.997711  	6381.453279  
6924.312388  	6983.040034  	6474.995294  	4064.265272  	6385.848612  
6919.018379  	6992.335006  	6460.592957  	4055.40289  	6363.901843  
6918.542423  	6963.771041  	6477.308556  	4052.489926  	6376.200433  
6918.934489  	6945.707973  	6497.1859  	4061.693186  	6387.650059  
6919.982104  	6969.622215  	6478.549279  	4050.555353  	6378.254693  
6929.356169  	6975.916105  	6496.603964  	4066.147594  	6396.46928  
6932.250222  	6987.338548  	6480.209654  	4048.336171  	6380.807825  
6936.002084  	6965.733239  	6482.367611  	4065.378545  	6382.619132  
6921.353416  	6967.212856  	6477.375377  	4053.563705  	6379.305103  
6929.54426  	6969.293826  	6478.72466  	4049.546907  	6366.983296  
6908.347796  	6945.676838  	6470.544264  	4047.723466  	6352.277136  
6908.489822  	6945.607561  	6472.106174  	4043.906432  	6369.881604  
6922.032319  	6948.724315  	6474.010653  	4046.174125  	6372.559136  
6934.811914  	6917.812874  	6487.348751  	4044.703613  	6378.349805  
6942.621612  	6965.695731  	6517.006687  	4057.42116  	6385.701416  
6945.803136  	6980.725337  	6506.505641  	4058.057107  	6384.847361  
6929.343729  	6922.354467  	6480.952706  	4057.889339  	6397.715043  
6923.673344  	6937.767757  	6481.458284  	4060.962762  	6393.909945  
6930.540513  	6963.00434  	6485.596694  	4051.805333  	6368.465269  
6931.149471  	6981.840701  	6476.56584  	4046.580573  	6387.562027  
6926.40536  	6938.26993  	6466.657779  	4052.003484  	6373.93816  
6934.145335  	6935.910535  	6463.992454  	4049.766545  	6360.164105  
6919.633963  	6932.89215  	6468.446207  	4049.572622  	6377.470167  
6925.286764  	6923.297886  	6440.148177  	4054.366664  	6379.206811  
6910.224484  	6921.747872  	6437.98497  	4050.225969  	6378.697254  
6896.865551  	6942.783069  	6439.946952  	4035.590548  	6359.599769  
6902.777913  	6907.920585  	6440.274498  	4045.986752  	6376.47794  
6917.019984  	6969.978197  	6448.242371  	4042.387863  	6366.927982  
6918.455544  	6940.810911  	6431.625484  	4038.39005  	6375.078686  
6908.184422  	6921.052211  	6452.862854  	4038.073003  	6372.746027  
6918.305431  	6897.813108  	6432.862749  	4040.96505  	6389.745599  
6915.833753  	6907.796561  	6447.086788  	4045.641425  	6368.473108  
6911.710952  	6954.491605  	6439.783784  	4057.258637  	6361.000561  
6931.330374  	6920.622304  	6446.051374  	4052.184419  	6380.981047  
6931.031233  	6948.147551  	6442.954067  	4047.064186  	6384.473265  
6925.506438  	6927.731929  	6470.140186  	4045.521198  	6359.870407  
6919.021542  	6961.494006  	6473.340733  	4046.169261  	6392.396502  
6916.390925  	6934.827831  	6455.391274  	4039.169682  	6355.515646  
6929.761073  	6929.747175  	6456.030257  	4051.160453  	6366.799214  
6923.610935  	6943.341518  	6468.839192  	4043.773862  	6371.804694  
6909.913329  	6918.267857  	6480.034679  	4040.146799  	6380.547885  
6913.04316  	6926.07516  	6472.098771  	4040.171642  	6370.137355  
6911.651794  	6902.845823  	6455.889748  	4035.973605  	6368.224266  
6915.001663  	6937.732213  	6456.932534  	4040.406324  	6374.109601  
6919.400122  	6979.295121  	6473.699226  	4049.704202  	6372.178883  
6938.207514  	6944.422842  	6471.726586  	4048.641061  	6391.786353  
6927.587183  	6978.819754  	6484.318889  	4053.710712  	6384.512741  
6912.497215  	6936.679688  	6474.541933  	4054.872864  	6375.922463  
6917.518932  	6946.375548  	6475.759697  	4047.917173  	6378.115307  
6920.259937  	6949.0368  	6466.916606  	4048.556675  	6381.516743  
6921.811158  	7007.681048  	6494.408174  	4058.005458  	6402.043011  
6939.51978  	6986.6235  	6501.046713  	4071.938024  	6366.769441  
6927.305883  	7001.841857  	6510.222135  	4075.807891  	6398.386134  
6918.76668  	6957.717983  	6496.291963  	4062.45189  	6383.468997  
6916.376188  	6931.336904  	6478.599825  	4058.94802  	6385.25994  
6929.008979  	6913.288903  	6465.446489  	4053.111019  	6379.923144  
6920.46876  	6919.467474  	6458.299002  	4054.213511  	6369.540063  
6937.028943  	6954.522865  	6481.935414  	4049.648187  	6380.430227  
6920.747093  	6962.50151  	6464.990101  	4053.524229  	6378.518485  
6922.844329  	6947.581543  	6459.204182  	4048.991932  	6373.844042  
6930.324929  	6976.987798  	6466.321996  	4048.652132  	6379.822513  
6918.297608  	6982.260498  	6457.557637  	4044.897386  	6398.737889  
6916.85609  	7001.134556  	6469.273306  	4051.291357  	6365.996329  
6923.985988  	6925.050512  	6456.451947  	4052.514237  	6367.994668  
6919.250461  	6961.024404  	6472.448587  	4051.812661  	6361.968666  
6919.369674  	6926.513358  	6457.952904  	4055.37184  	6366.371272  
6913.688362  	6984.283069  	6454.145336  	4048.23491  	6388.543563  
6907.380181  	6921.321723  	6435.341927  	4033.866946  	6355.988664  
6922.175186  	6937.523687  	6451.175773  	4036.384399  	6355.811861  
6923.743876  	6956.97723  	6444.77243  	4044.353839  	6364.714955  
6924.782841  	6984.708825  	6476.127534  	4042.267554  	6384.208538  
6928.158742  	6928.516861  	6451.867495  	4055.945817  	6386.845486  
6938.264055  	6989.801559  	6459.022563  	4046.422005  	6372.781814  
6929.680401  	6953.110282  	6463.263279  	4055.486329  	6384.375464  
6925.203233  	6945.555151  	6471.102964  	4040.706903  	6365.153031  
6934.338865  	6920.745605  	6470.023459  	4048.859119  	6379.51816  
6934.243478  	6955.632085  	6480.575096  	4047.665404  	6372.834922  
6924.474045  	6954.035659  	6473.211616  	4054.665484  	6371.008075  
6931.797302  	6961.760015  	6479.265951  	4058.013981  	6368.022551  
6924.225054  	6956.982596  	6481.430982  	4056.548365  	6388.189785  
6926.774807  	6937.397845  	6468.94624  	4047.52985  	6384.140734  
6927.557948  	6941.339634  	6473.265392  	4054.088013  	6388.854344  
6923.485696  	6926.059874  	6484.157268  	4062.342545  	6388.381755  
6926.831329  	6974.572973  	6475.055625  	4054.323074  	6380.987241  
6927.289313  	6953.160764  	6478.199191  	4051.367456  	6383.803476  
6925.410337  	6942.853964  	6475.282679  	4051.173388  	6382.31593  
6919.621374  	6959.925353  	6471.914461  	4050.001437  	6374.908206  
6910.650066  	6972.896579  	6462.078021  	4047.672864  	6385.823116  
6923.366575  	6916.210071  	6465.637206  	4053.419245  	6381.888102  
6905.910038  	6924.459288  	6432.7694  	4044.492761  	6369.518431  
6906.192318  	6923.551439  	6456.387956  	4035.292334  	6388.289494  
6929.58155  	6949.021445  	6478.22942  	4054.410159  	6367.241437  
6932.099799  	6968.10071  	6488.962642  	4051.030252  	6375.579949  
6930.357023  	6956.918816  	6487.826685  	4067.152642  	6377.147374  
6917.617105  	6969.349679  	6466.683018  	4054.764971  	6380.873996  
6908.26093  	6957.450649  	6469.704869  	4057.682328  	6362.812159  
6917.290025  	6929.279735  	6469.991962  	4033.934092  	6378.055025  
6909.215363  	6954.882035  	6464.151514  	4038.648864  	6365.699547  
6924.284891  	6914.374173  	6459.102887  	4037.926329  	6369.900095  
6926.287099  	6962.295804  	6459.696373  	4046.216236  	6364.28817  
6933.91266  	6990.47012  	6476.437915  	4045.538981  	6378.510073  
6937.406578  	6964.265899  	6471.156394  	4059.333874  	6401.446497  
6928.383972  	6948.680136  	6469.09842  	4054.84008  	6377.106177  
6932.998365  	6933.093815  	6464.19121  	4059.689854  	6388.772997  
6918.867842  	6909.021669  	6457.314406  	4044.866695  	6372.044497  
6932.948863  	6920.968207  	6456.004197  	4057.580182  	6384.601083  
6934.322897  	6912.459891  	6471.21697  	4056.244675  	6381.583345  
6935.461259  	6974.239073  	6484.185299  	4052.302504  	6391.464976  
6936.136686  	6958.620715  	6491.574413  	4068.880345  	6393.996971  
6935.479797  	6956.945442  	6475.017121  	4055.73493  	6406.949858  
6918.117199  	6965.819456  	6481.322543  	4059.380375  	6395.184664  
6919.468839  	6984.611378  	6478.100863  	4043.460291  	6376.875338  
6910.282795  	6917.355459  	6445.694462  	4032.886593  	6377.247447  
6913.094865  	6976.361238  	6472.586569  	4050.32772  	6365.231753  
6919.829323  	7010.590257  	6472.009026  	4063.064014  	6354.475116  
6920.731877  	6948.141213  	6475.948415  	4045.565926  	6378.148425  
6918.059297  	6928.75271  	6451.905245  	4042.976288  	6359.258069  
6913.377654  	6990.120635  	6460.414551  	4060.270391  	6381.251778  
6919.858036  	6943.840232  	6495.707804  	4059.238048  	6392.201048  
6932.429837  	6941.510139  	6462.523933  	4050.817149  	6388.305559  
6919.795646  	6987.810123  	6471.868487  	4073.717933  	6386.258889  
6925.399928  	6959.019018  	6468.431191  	4054.560419  	6386.957872  
6934.964486  	6950.528804  	6474.195104  	4073.439231  	6374.347698  
6911.323603  	6901.511649  	6485.998042  	4052.170406  	6371.062087  
6913.877721  	6939.224749  	6470.66706  	4044.721551  	6377.594431  
6925.801515  	6904.535306  	6464.994649  	4042.893621  	6369.081953  
6913.955887  	6930.847512  	6458.795161  	4039.434673  	6366.955976  
6900.116608  	6945.793118  	6462.878772  	4027.192632  	6339.809338  
6910.679687  	6958.827831  	6447.848184  	4035.326278  	6362.205084  
6916.888548  	6921.641362  	6466.160596  	4037.698125  	6367.414714  
6918.545584  	6960.295719  	6466.857928  	4032.513132  	6358.009913  
6916.490434  	6885.268161  	6451.023648  	4053.402749  	6370.918475  
6925.917799  	6930.297179  	6463.301272  	4034.347284  	6359.135824  
6936.062837  	6995.967569  	6495.179505  	4056.673243  	6391.58783  
6940.710563  	6967.919847  	6474.718989  	4040.554802  	6376.406386  
6915.146381  	7007.896933  	6483.240802  	4047.056107  	6390.668213  
6922.417236  	6922.667251  	6465.178718  	4044.357502  	6378.178759  
6921.722955  	6921.362265  	6462.114821  	4046.900453  	6382.841514  
6922.661782  	6942.414327  	6451.635477  	4050.526876  	6374.775837  
6906.071796  	6923.440868  	6449.077574  	4037.987144  	6374.096469  
6905.284232  	6925.920634  	6456.733873  	4032.614736  	6373.864466  
6918.129075  	6941.687809  	6455.541669  	4032.149976  	6368.250015  
6933.31636  	6916.085594  	6472.91091  	4048.848614  	6378.841194  
6940.069583  	6958.285824  	6473.691532  	4064.841178  	6392.682259  
6922.186562  	6967.23727  	6469.264155  	4043.899978  	6377.120358  
6938.913002  	6971.906918  	6482.703045  	4052.141994  	6386.480369  
6923.851868  	6990.040104  	6450.767841  	4051.104727  	6387.143669  
6907.040381  	6948.522889  	6455.037354  	4047.206031  	6384.16468  
6917.176716  	6954.119265  	6473.20367  	4041.877681  	6369.693034  
6919.47867  	6956.122205  	6462.134558  	4045.333459  	6376.631957  
6916.741624  	6942.138283  	6470.780908  	4048.657719  	6367.075659  
6895.013462  	6921.915582  	6448.830376  	4043.390418  	6362.345757  
6890.46345  	6926.58248  	6440.399706  	4030.500425  	6369.097376  
6909.848583  	6914.815559  	6451.462472  	4036.213694  	6358.312446  
6900.78781  	6967.855045  	6470.23931  	4041.387727  	6367.248927  
6908.551755  	6966.240877  	6461.172355  	4052.950985  	6378.097183  
6898.113653  	6951.030627  	6444.079843  	4051.983059  	6364.589612  
6904.126048  	6914.13496  	6452.840694  	4039.456121  	6366.19549  
6924.751525  	6926.878742  	6452.707605  	4058.518753  	6386.410623  
6935.372816  	6955.189772  	6469.703028  	4051.082624  	6369.71689  
6940.748014  	6925.81397  	6477.826259  	4044.125914  	6357.32207  
6928.724666  	6927.524399  	6473.862184  	4042.609171  	6394.635649  
6919.780077  	6948.444087  	6480.510374  	4033.703412  	6385.459822  
6918.951125  	6941.561842  	6463.128575  	4039.044603  	6370.785379  
6939.03418  	6956.845713  	6502.548646  	4051.685729  	6385.527657  
6945.497117  	6989.332599  	6501.696481  	4054.370862  	6388.121531  
6940.802268  	6916.064279  	6466.763263  	4057.668046  	6376.313911  
6937.703999  	6934.240364  	6484.217864  	4057.494596  	6396.395445  
6937.395342  	6965.854796  	6510.652182  	4058.667969  	6370.678223  
6926.882812  	6964.978077  	6492.556901  	4044.449923  	6360.505245  
6918.123924  	6956.418233  	6465.282233  	4049.742178  	6379.147244  
6929.258896  	6944.397107  	6468.221452  	4072.668306  	6377.820964  
6921.248377  	6982.577388  	6485.844399  	4059.162546  	6395.31936  
6935.714068  	6953.718456  	6502.178769  	4057.51471  	6369.492597  
6928.652375  	6970.307752  	6495.063499  	4070.653808  	6394.367643  
6940.03704  	6967.519466  	6486.547028  	4059.649933  	6370.35628  
6917.409618  	6947.895707  	6457.377759  	4042.200548  	6369.644965  
6919.132408  	6951.059869  	6466.036264  	4049.869275  	6380.324469  
6923.07657  	6941.98289  	6468.754692  	4042.596489  	6367.433913  
6912.71788  	6949.165468  	6469.800299  	4038.046758  	6375.964985  
6913.694447  	6895.473922  	6463.261125  	4036.118377  	6351.095983  
6926.637152  	6928.810253  	6469.331374  	4047.451105  	6368.194381  
6925.66924  	6955.878533  	6456.779509  	4060.212944  	6381.85801  
6921.20188  	6984.919005  	6469.673151  	4041.965093  	6388.683247  
6917.679245  	6955.292122  	6489.064479  	4039.450214  	6364.631809  
6908.362404  	6946.209886  	6468.297961  	4031.871926  	6358.43435  
6904.393067  	6953.236493  	6476.052182  	4043.434453  	6366.652892  
6896.450045  	6943.051603  	6478.753222  	4044.689632  	6361.358712  
6918.534484  	6975.67888  	6479.032651  	4046.354791  	6368.778577  
6913.92849  	6956.115603  	6472.527422  	4053.527373  	6377.351683  
6924.333674  	6902.688726  	6473.350453  	4056.437036  	6386.523582  
6932.085309  	6928.465536  	6479.695603  	4053.17894  	6397.042414  
6924.04516  	6960.176942  	6478.444359  	4052.505464  	6381.386035  
6924.917372  	6952.80538  	6436.782169  	4050.805163  	6375.459174  
6905.499542  	6921.79685  	6445.15317  	4037.423766  	6366.276557  
6915.065846  	6922.527488  	6447.248722  	4043.466685  	6363.355249  
6921.926867  	6953.444077  	6440.297558  	4044.930237  	6372.121486  
6918.754336  	6908.690719  	6441.726429  	4036.616199  	6369.527585  
6931.794497  	6933.734061  	6447.682611  	4051.183147  	6370.894537  
6946.19048  	6964.106037  	6451.951132  	4050.13713  	6387.229604  
6936.194174  	6964.734988  	6474.412651  	4061.475477  	6380.030301  
6927.438799  	6953.562729  	6477.208382  	4069.115595  	6364.52244  
6937.717936  	6911.757279  	6485.126956  	4059.870815  	6386.434392  
6949.310617  	7021.401018  	6506.281903  	4063.945061  	6389.022364  
6959.487028  	6973.557921  	6513.906594  	4065.115087  	6400.382592  
6957.235056  	6989.681651  	6500.559013  	4080.676609  	6402.757333  
6930.370667  	6958.38625  	6483.96598  	4062.980055  	6384.263666  
6929.350073  	6971.388448  	6468.460792  	4046.403947  	6400.931815  
6921.104303  	6997.332534  	6465.883907  	4037.722292  	6383.471297  
6921.191329  	6997.204366  	6470.361756  	4060.602635  	6374.260022  
6916.361779  	6929.413161  	6461.442389  	4043.753571  	6370.867938  
6929.363793  	6947.887406  	6479.189275  	4048.822735  	6374.922653  
6938.370508  	6969.731954  	6475.422362  	4054.366908  	6395.387614  
6924.962141  	6944.472327  	6455.233551  	4052.697249  	6363.536422  
6914.600638  	6969.411781  	6447.67188  	4053.621358  	6369.360777  
6916.583001  	6932.937724  	6461.624792  	4050.721053  	6387.485758  
6917.773404  	6950.774743  	6455.319308  	4049.442493  	6375.465037  
6919.881953  	6941.758963  	6448.799306  	4040.282047  	6389.206829  
6907.818286  	6932.863481  	6439.573056  	4038.459791  	6359.866847  
6910.670776  	6945.782012  	6465.033971  	4049.24172  	6375.903338  
6926.95463  	6955.808529  	6482.101449  	4065.480916  	6383.254859  
6924.298092  	6925.437316  	6457.918594  	4049.000501  	6367.489095  
6915.122431  	6931.901611  	6458.392438  	4042.494743  	6374.170314  
6930.200814  	6925.337387  	6473.444128  	4053.27188  	6366.170045  
6917.143617  	6984.440031  	6468.761689  	4038.97371  	6357.781151  
6924.072734  	6970.972631  	6483.866347  	4063.280477  	6394.521129  
6912.515682  	6988.999701  	6469.067929  	4051.836639  	6373.852437  
6911.551871  	6960.039058  	6468.659653  	4045.10845  	6394.052532  
6914.938274  	6951.091986  	6454.898793  	4038.899432  	6368.242772  
6922.528059  	6932.617751  	6456.914292  	4045.351921  	6377.260266  
6924.393782  	6974.646883  	6462.566367  	4055.035481  	6373.067901  
6937.861397  	6963.72741  	6469.397494  	4059.402776  	6364.333505  
6927.165013  	6943.318783  	6474.514087  	4056.757651  	6399.325572  
6923.307833  	6958.849271  	6470.30012  	4062.345536  	6388.444514  
6937.627999  	7000.343765  	6478.136503  	4075.697998  	6402.952139  
6932.304096  	6962.146081  	6473.524925  	4054.814024  	6389.867531  
6923.405144  	6941.517628  	6487.836978  	4055.469803  	6393.833089  
6929.988929  	6947.459742  	6456.4452  	4064.566742  	6391.685863  
6933.598142  	6942.012366  	6469.93338  	4080.928698  	6394.964862  
6931.784614  	6939.286018  	6457.230787  	4049.555784  	6373.373553  
6936.701944  	6976.484963  	6458.147593  	4053.590683  	6368.716426  
6917.033337  	6943.166494  	6467.056378  	4041.224017  	6387.935683  
6911.827748  	6960.577477  	6478.444188  	4045.801778  	6387.35656  
6913.908006  	6906.553337  	6473.569408  	4039.911214  	6385.291851  
6904.950093  	6937.351543  	6448.720144  	4042.555455  	6367.543876  
6916.616021  	6938.742472  	6474.90716  	4052.061373  	6371.715772  
6907.951898  	6907.899658  	6464.105178  	4037.150731  	6363.611627  
6910.990579  	6948.400326  	6471.043808  	4039.292579  	6354.998987  
6896.288642  	6902.418706  	6455.814856  	4032.811317  	6362.732874  
6898.856751  	6932.68031  	6486.285126  	4017.916647  	6358.780897  
6900.67771  	6940.180739  	6447.066897  	4023.762401  	6357.23779  
6915.057605  	6929.830317  	6447.510321  	4046.513891  	6382.592656  
6926.966658  	6948.606077  	6450.866325  	4043.20101  	6371.683699  
6918.363757  	6920.140675  	6482.3961  	4048.130585  	6386.405237  
6924.806065  	6972.432194  	6455.699605  	4067.367242  	6375.594772  
6932.616513  	6946.468396  	6459.695597  	4053.10701  	6374.537477  
6923.733216  	6946.968999  	6464.6994  	4034.556888  	6385.106807  
6925.158639  	6946.051349  	6485.043517  	4041.990379  	6370.216155  
6919.302376  	6954.76984  	6474.079674  	4051.343892  	6379.530222  
6920.694185  	6956.792819  	6455.387051  	4044.193662  	6359.392126  
6923.180818  	6947.949692  	6466.007563  	4051.682239  	6389.261345  
6911.184854  	6975.033577  	6468.394022  	4058.606642  	6381.642039  
6908.418045  	6972.088962  	6467.336226  	4045.208044  	6360.599588  
6909.303835  	6986.41771  	6453.114166  	4047.859518  	6387.15461  
6911.916737  	6949.665677  	6455.073873  	4053.159324  	6392.997616  
6919.014718  	6986.470235  	6473.487805  	4046.024065  	6383.084949  
6937.477341  	6975.556611  	6479.089273  	4044.684538  	6381.454867  
6942.805317  	6929.429937  	6471.31408  	4070.382101  	6382.105749  
6945.479078  	6988.258361  	6500.401383  	4084.380937  	6404.140438  
6928.621378  	6996.123685  	6468.334199  	4061.916322  	6395.412351  
6919.111275  	6961.542894  	6453.890624  	4065.0959  	6383.72501  
6920.237409  	6974.047413  	6490.954691  	4056.748481  	6388.861482  
6937.677159  	7020.154287  	6483.274117  	4070.789387  	6383.632831  
6914.968878  	6956.130092  	6468.559909  	4053.248896  	6376.785632  
6922.67473  	6953.209248  	6482.135968  	4061.78131  	6389.507131  
6932.9554  	6975.170176  	6478.707619  	4045.676642  	6397.764431  
6933.655023  	6926.427959  	6471.459378  	4056.640613  	6365.38013  
6931.21016  	6894.154402  	6477.605003  	4047.862987  	6389.013135  
6929.704779  	6938.36376  	6473.15597  	4046.999793  	6377.934787  
6932.861075  	6952.49143  	6467.079617  	4061.324912  	6385.531368  
6910.107057  	6944.091338  	6467.317409  	4046.081446  	6376.111057  
6913.651325  	6946.533946  	6452.489782  	4045.547735  	6359.866313  
6917.869685  	6954.181112  	6462.345404  	4044.604415  	6356.542438  
6893.56103  	6932.94026  	6473.145837  	4042.557722  	6369.753876  
6922.735752  	6919.983951  	6469.855839  	4043.024219  	6371.824086  
6917.041319  	6968.365603  	6460.900158  	4058.575353  	6385.324442  
6910.38732  	6908.486283  	6458.553677  	4049.434842  	6379.690605  
6920.285622  	6950.138378  	6462.174243  	4046.276858  	6372.391493  
6927.419583  	6923.201017  	6466.90882  	4047.860299  	6362.910379  
6929.881263  	6971.677983  	6474.435204  	4049.369798  	6351.262421  
6930.802919  	6909.137451  	6467.164218  	4042.186531  	6379.096809  
6940.548421  	6933.224599  	6465.949403  	4056.378125  	6378.550986  
6945.30863  	6932.96156  	6483.193018  	4060.521336  	6386.239252  
6945.792241  	6987.401562  	6483.944952  	4065.915081  	6387.846261  
6926.884751  	6963.291743  	6488.029664  	4058.312618  	6380.819212  
6927.522377  	6939.232746  	6471.428874  	4047.643488  	6393.037501  
6926.506725  	6946.917874  	6448.304898  	4052.764174  	6384.81077  
6921.235622  	6906.841363  	6433.578246  	4037.079956  	6358.184356  
6936.42057  	6993.740105  	6482.31725  	4060.748611  	6393.749901  
6912.728263  	6934.314857  	6456.200379  	4042.999784  	6379.918324  
6920.877276  	6948.628971  	6462.934784  	4055.308212  	6391.216619  
6909.77825  	6947.536447  	6481.346928  	4036.898615  	6374.239538  
6915.840299  	6974.637446  	6464.634574  	4046.554825  	6376.548268  
6922.997035  	6913.061558  	6466.577742  	4047.583253  	6380.189414  
6916.970566  	6971.779093  	6445.344421  	4041.029492  	6367.820997  
6929.245544  	6930.639414  	6454.852689  	4049.428183  	6378.450183  
6917.154457  	6988.23717  	6469.059061  	4057.655744  	6371.850438  
6910.256379  	6956.296716  	6470.844165  	4052.820069  	6372.505148  
6921.80343  	6950.615309  	6491.996113  	4043.044638  	6368.621076  
6908.368778  	6961.32803  	6444.15821  	4062.150247  	6366.76338  
6917.334402  	6966.597482  	6468.4979  	4059.342771  	6372.102268  
6931.910901  	6929.310278  	6467.47952  	4046.155169  	6363.465513  
6918.232609  	6962.504544  	6464.134677  	4049.43852  	6387.269414  
6924.016573  	6941.667774  	6470.283884  	4055.308814  	6376.687642  
6926.841143  	6936.553078  	6462.708685  	4043.469203  	6380.001751  
6934.753248  	6953.510249  	6476.378364  	4046.753648  	6386.825352  
6916.953705  	6932.567323  	6470.57694  	4048.613982  	6381.466562  
6931.331345  	6935.917082  	6467.732642  	4057.468379  	6390.049365  
