7164.176788  	6604.238476  	6227.665447  	3161.508911  	6141.928111  
7149.662881  	6610.630376  	6222.703464  	3170.03371  	6133.731524  
7159.298217  	6567.280039  	6213.169808  	3173.176178  	6141.833544  
7155.555286  	6573.626276  	6219.938441  	3176.953666  	6133.829337  
7154.085815  	6575.634337  	6237.734933  	3172.883417  	6160.498186  
7146.528263  	6596.036925  	6228.571145  	3163.043801  	6117.761432  
7144.864623  	6594.667316  	6234.046008  	3174.091901  	6137.559561  
7149.035231  	6596.434316  	6212.784794  	3186.116807  	6142.76347  
7136.048857  	6573.020054  	6190.100304  	3171.597587  	6107.206661  
7142.433194  	6596.207275  	6215.148921  	3171.643252  	6103.762427  
7131.726529  	6521.145274  	6181.219953  	3164.001273  	6122.566804  
7137.213832  	6567.7826  	6186.971976  	3166.518934  	6122.653516  
7142.235394  	6530.671531  	6176.955068  	3180.91974  	6140.714126  
7146.769717  	6571.302814  	6214.782172  	3169.73607  	6129.525107  
7146.076554  	6574.38073  	6214.295981  	3169.572514  	6130.879765  
7146.994858  	6577.598683  	6225.59912  	3161.746641  	6096.012502  
7130.891999  	6557.74418  	6202.358923  	3161.908803  	6102.803886  
7129.420495  	6558.812435  	6195.014006  	3160.058801  	6114.708617  
7134.333711  	6597.856037  	6199.318723  	3160.979148  	6110.590157  
7135.408648  	6554.814926  	6209.085194  	3158.608642  	6119.64753  
7123.109743  	6581.173858  	6194.927611  	3158.167873  	6117.010417  
7131.56467  	6558.955676  	6199.414403  	3148.889185  	6102.461863  
7132.706373  	6545.922383  	6192.277728  	3157.161922  	6119.149718  
7134.701207  	6602.825459  	6213.218482  	3163.699317  	6116.63183  
7130.603846  	6573.221246  	6188.70525  	3155.389585  	6113.188326  
7134.79616  	6609.922338  	6219.925481  	3165.730528  	6108.613112  
7129.824862  	6608.626923  	6222.89911  	3165.481485  	6119.532826  
7137.971785  	6591.429767  	6209.331417  	3160.132147  	6136.043538  
7139.547138  	6600.646644  	6200.411983  	3163.354677  	6145.792821  
7154.482392  	6612.701406  	6217.968892  	3158.621666  	6128.640149  
7146.447667  	6622.38632  	6229.431561  	3166.766855  	6126.022458  
7140.753138  	6611.364975  	6242.301447  	3158.578559  	6113.352645  
7133.514482  	6577.627192  	6244.048532  	3167.309215  	6113.385203  
7135.911114  	6598.705253  	6219.715642  	3158.883096  	6111.786238  
7124.507901  	6574.211799  	6226.007676  	3160.862268  	6107.376139  
7125.733832  	6622.077413  	6220.032684  	3168.216853  	6135.718566  
7143.054011  	6599.834448  	6251.265597  	3169.489317  	6143.702959  
7144.107819  	6612.673116  	6228.308101  	3174.605475  	6133.726569  
7134.76839  	6568.168248  	6237.947926  	3164.14098  	6119.267424  
7139.750778  	6591.169708  	6222.787843  	3165.691191  	6116.159074  
7143.647629  	6602.080566  	6221.849963  	3172.044374  	6128.480345  
7136.655054  	6570.134696  	6223.610717  	3170.511702  	6121.278558  
7141.905432  	6547.14641  	6196.104294  	3168.582117  	6125.628346  
7143.747856  	6566.709871  	6195.949689  	3175.904051  	6142.692741  
7131.747916  	6549.847661  	6186.729943  	3172.162761  	6142.674606  
7130.235653  	6521.641088  	6192.973975  	3168.878848  	6132.386032  
7145.685881  	6547.294598  	6190.102546  	3174.239048  	6135.763856  
7151.866103  	6600.513951  	6210.732453  	3163.160534  	6113.163128  
7153.142658  	6575.783382  	6213.752095  	3168.125681  	6135.981017  
7146.083741  	6557.900934  	6211.382684  	3168.038187  	6130.197576  
7143.685645  	6599.52133  	6229.828407  	3163.74943  	6101.481578  
7144.502483  	6608.336117  	6223.230659  	3172.790282  	6144.250485  
7135.697249  	6555.584577  	6193.601169  	3171.194704  	6132.85999  
7141.923898  	6579.157222  	6209.226542  	3177.320886  	6150.46916  
7134.814711  	6626.415283  	6209.817271  	3169.531304  	6145.981539  
7141.736492  	6579.07389  	6191.51723  	3173.717567  	6123.929172  
7153.183049  	6571.968302  	6206.524047  	3172.024796  	6129.563688  
7152.404031  	6580.979009  	6230.660318  	3170.645863  	6130.341357  
7148.318371  	6592.579939  	6234.721038  	3170.137651  	6131.096975  
7147.176545  	6590.087412  	6196.396571  	3175.587536  	6132.496148  
7147.752938  	6543.425203  	6201.172385  	3179.961766  	6151.329722  
7147.56035  	6592.604756  	6228.374146  	3171.670745  	6132.011044  
7153.383999  	6580.389833  	6214.747585  	3167.926409  	6124.218226  
7147.364987  	6545.878278  	6218.953753  	3170.664515  	6131.02993  
7146.31486  	6595.353182  	6208.291559  	3175.083879  	6118.740671  
7150.163017  	6611.167411  	6231.640291  	3170.436836  	6119.909906  
7134.814079  	6588.692298  	6201.436109  	3163.977057  	6103.435676  
7135.778245  	6581.591767  	6191.996001  	3160.199886  	6109.992386  
7124.43782  	6558.436259  	6187.563119  	3160.419872  	6106.091188  
7134.803262  	6561.045599  	6204.547573  	3163.316668  	6106.922764  
7130.153627  	6536.980165  	6178.737177  	3155.634984  	6114.857015  
7144.218584  	6560.363939  	6187.773923  	3162.439161  	6116.900885  
7141.844821  	6547.726209  	6177.115145  	3162.847746  	6101.446789  
7139.245968  	6533.738635  	6186.201498  	3165.506516  	6140.179323  
7129.955591  	6565.182453  	6188.403906  	3161.970953  	6112.315767  
7134.983559  	6534.190654  	6174.193967  	3158.365863  	6113.257656  
7131.534238  	6588.111493  	6196.045226  	3154.572777  	6116.229688  
7135.411722  	6558.451032  	6201.039105  	3163.993909  	6116.506516  
7154.302873  	6584.016208  	6203.491953  	3169.463579  	6121.890387  
7142.678491  	6564.426205  	6201.69584  	3167.157117  	6114.350628  
7140.190705  	6579.261101  	6192.389755  	3161.928136  	6122.979996  
7137.973812  	6564.02001  	6204.494436  	3160.080732  	6123.687904  
7135.441391  	6599.017777  	6209.566207  	3158.058696  	6131.028851  
7134.522673  	6548.597975  	6190.333441  	3159.262432  	6116.165289  
7143.383674  	6575.852783  	6193.931151  	3164.132974  	6109.314956  
7138.906954  	6574.498585  	6187.132437  	3168.845667  	6114.865744  
7140.827299  	6553.943021  	6166.642514  	3168.409489  	6112.008102  
7142.222183  	6549.331443  	6204.086002  	3156.749372  	6122.117188  
7146.52911  	6581.333486  	6197.767632  	3163.015902  	6125.769766  
7145.972941  	6544.488645  	6211.239086  	3160.886386  	6117.370376  
7139.246232  	6572.359669  	6204.901811  	3170.613166  	6117.02643  
7140.118599  	6579.643729  	6189.445801  	3172.818869  	6122.985231  
7141.830247  	6577.887112  	6219.870693  	3167.648168  	6128.65581  
7144.207751  	6585.12936  	6215.832367  	3166.324595  	6122.455383  
7133.916921  	6573.832031  	6202.473428  	3168.663272  	6118.640345  
7137.472815  	6613.185861  	6237.64739  	3162.199802  	6120.800631  
7134.369306  	6620.540378  	6227.546615  	3160.810134  	6126.75368  
7137.893018  	6585.759108  	6208.016857  	3170.415281  	6128.765134  
7133.415113  	6598.042984  	6231.492746  	3159.796222  	6121.815743  
7117.026051  	6573.099136  	6226.467626  	3162.524566  	6099.555061  
7130.124731  	6595.225581  	6198.569806  	3161.177793  	6111.876646  
7130.151272  	6591.448008  	6209.431439  	3170.936674  	6126.419036  
7142.805587  	6614.937375  	6207.85713  	3172.180433  	6128.042086  
7151.910424  	6588.762371  	6227.916948  	3162.61839  	6101.178328  
7146.543756  	6586.970922  	6238.271933  	3166.462068  	6150.016011  
7134.504992  	6550.376455  	6219.456063  	3167.589828  	6136.402407  
7145.360196  	6592.060567  	6229.145869  	3171.436203  	6128.335329  
7140.516203  	6555.85375  	6214.311578  	3170.014859  	6134.592677  
7144.623421  	6570.155533  	6226.157529  	3171.805875  	6124.439248  
7138.803622  	6600.789576  	6233.230401  	3161.65534  	6115.062584  
7142.376784  	6602.589027  	6216.540241  	3159.610618  	6119.05089  
7154.957925  	6589.126056  	6209.003624  	3178.223051  	6135.53282  
7149.091581  	6574.585155  	6212.916463  	3167.786775  	6119.654779  
7152.612122  	6584.813292  	6216.553742  	3181.31223  	6157.846041  
7146.395499  	6591.182029  	6228.344406  	3179.258321  	6131.253728  
7137.260802  	6612.203494  	6237.415601  	3163.275005  	6127.9719  
7132.734427  	6598.056292  	6218.426652  	3169.538475  	6120.201045  
7131.888929  	6604.379539  	6242.871456  	3156.503926  	6127.223913  
7140.033877  	6589.379305  	6213.872823  	3172.894472  	6131.166624  
7138.002636  	6634.429513  	6247.259576  	3167.592374  	6118.961797  
7134.344796  	6585.983379  	6241.296303  	3165.963842  	6132.271041  
7140.414643  	6589.912274  	6214.862693  	3188.689396  	6117.339078  
7136.998305  	6627.298758  	6243.529834  	3170.953395  	6140.847267  
7142.798513  	6586.160859  	6226.8679  	3174.574111  	6143.644504  
7151.246183  	6570.077099  	6222.94989  	3176.666976  	6117.245156  
7152.323102  	6595.762416  	6211.246771  	3174.470471  	6129.063932  
7130.784952  	6576.669528  	6212.544902  	3170.007368  	6102.64851  
7131.288839  	6586.23003  	6207.205866  	3166.921326  	6121.214886  
7146.300527  	6574.130705  	6221.015087  	3168.947935  	6109.122559  
7162.11275  	6643.633754  	6237.934586  	3165.871234  	6137.155958  
7159.065574  	6603.077368  	6230.05934  	3157.520419  	6123.272105  
7139.289088  	6601.755849  	6236.637721  	3179.607889  	6137.598419  
7133.060697  	6604.514524  	6217.616442  	3162.523197  	6120.0444  
7144.234707  	6588.948735  	6222.416611  	3177.614483  	6139.591673  
7142.498434  	6562.60382  	6224.407396  	3166.316669  	6120.710778  
7130.285229  	6583.908333  	6223.996799  	3168.82759  	6114.533061  
7135.325447  	6578.316212  	6201.199237  	3171.676945  	6122.543333  
7126.64287  	6560.349425  	6180.447375  	3158.502289  	6115.806195  
7133.985486  	6567.846834  	6204.811394  	3164.01643  	6114.418749  
7138.681873  	6563.2074  	6201.820268  	3160.804789  	6116.110234  
7134.753708  	6575.389688  	6198.129164  	3157.963366  	6110.908951  
7138.484667  	6569.738301  	6194.73672  	3167.611494  	6130.39269  
7142.550108  	6595.080193  	6199.633513  	3163.016785  	6109.234459  
7132.632726  	6574.870979  	6204.251163  	3163.18103  	6120.42243  
7133.234632  	6555.557263  	6195.146658  	3167.988158  	6119.511658  
7134.246404  	6544.37071  	6205.427587  	3166.974352  	6113.419729  
7141.268073  	6615.80252  	6227.329217  	3163.822542  	6112.845179  
7148.661745  	6607.202467  	6231.099016  	3166.926475  	6132.197766  
7144.557056  	6587.855902  	6232.098361  	3170.105561  	6124.397838  
7136.87043  	6588.4743  	6224.601207  	3177.95968  	6136.243912  
7142.564766  	6565.734888  	6205.06189  	3160.248892  	6130.143094  
7146.746173  	6600.373984  	6211.325631  	3167.000256  	6124.560276  
7139.690104  	6604.709258  	6215.117508  	3162.209655  	6124.022322  
7138.132171  	6585.445661  	6211.550116  	3171.078306  	6121.259431  
7136.382639  	6565.216418  	6202.71034  	3170.531417  	6114.427936  
7143.538825  	6592.705128  	6231.173173  	3173.543649  	6146.480191  
7135.763217  	6572.366271  	6225.252781  	3156.945101  	6121.443022  
7140.205607  	6601.022137  	6232.875572  	3162.609533  	6099.791145  
7148.545768  	6603.753039  	6226.170511  	3160.945159  	6129.249849  
7153.411887  	6596.451451  	6231.938896  	3172.876687  	6133.59976  
7159.027693  	6621.869968  	6236.346512  	3168.215191  	6129.911799  
7151.845779  	6591.199857  	6225.502689  	3166.476887  	6135.919003  
7132.452653  	6575.993378  	6211.651017  	3164.108866  	6136.80995  
7133.320021  	6582.776656  	6210.234641  	3168.176398  	6141.92787  
7141.423378  	6594.867128  	6229.820854  	3162.393711  	6130.460916  
7155.077721  	6574.782829  	6225.643991  	3162.809805  	6120.761032  
7151.721858  	6570.235287  	6221.210366  	3170.333106  	6132.344597  
7147.628696  	6566.320786  	6207.713222  	3170.790344  	6131.032624  
7146.565763  	6565.19029  	6194.845138  	3174.303916  	6119.884657  
7148.613342  	6575.07534  	6229.878911  	3174.535994  	6150.127369  
7150.603327  	6553.982078  	6211.560744  	3156.8659  	6138.995506  
7156.366024  	6579.293163  	6214.514978  	3174.425662  	6130.423533  
7150.530493  	6554.277379  	6204.942601  	3170.346172  	6141.966369  
7148.776475  	6594.644128  	6205.518707  	3177.556707  	6131.735948  
7147.093867  	6533.839166  	6202.26463  	3170.916064  	6121.076202  
7151.952656  	6559.020772  	6209.000253  	3159.200573  	6120.958924  
7135.463963  	6591.919219  	6219.599185  	3163.585248  	6124.937702  
7141.401661  	6564.423275  	6212.674836  	3170.618152  	6123.407564  
7136.25122  	6587.337532  	6201.116739  	3164.253343  	6109.855372  
7145.942794  	6593.55817  	6222.659655  	3167.528885  	6108.148787  
7133.780155  	6577.992491  	6205.029374  	3161.662833  	6110.344401  
7139.781593  	6561.645528  	6193.013141  	3168.420059  	6131.931107  
7144.123926  	6560.520732  	6200.487119  	3160.129807  	6124.39407  
7134.726835  	6565.140755  	6178.78702  	3159.523085  	6123.964853  
7134.741077  	6573.050014  	6186.679178  	3156.042899  	6124.253635  
7131.595631  	6545.339012  	6193.751467  	3169.043919  	6117.591399  
7144.458226  	6578.645772  	6181.648836  	3176.749739  	6147.91472  
7145.056821  	6542.866894  	6185.859665  	3171.528493  	6123.699894  
7147.496667  	6561.704176  	6189.015256  	3168.741226  	6125.732223  
7136.297324  	6546.930749  	6186.602935  	3158.982239  	6124.983558  
7144.609524  	6573.628757  	6198.291672  	3171.018929  	6126.71771  
7140.067048  	6549.25697  	6183.386208  	3164.954105  	6125.049244  
7142.379602  	6575.366739  	6184.234303  	3172.111749  	6117.200572  
7140.431046  	6573.988172  	6208.336258  	3157.532587  	6112.374873  
7138.524981  	6539.957295  	6181.600547  	3171.385041  	6102.824436  
7137.550131  	6562.60641  	6184.939687  	3162.764859  	6111.532661  
7144.303665  	6551.993  	6194.319648  	3167.103021  	6123.132867  
7142.793371  	6561.431172  	6208.562177  	3162.509458  	6118.736247  
7149.512563  	6574.395687  	6218.766765  	3169.199161  	6122.81864  
7137.816718  	6614.226014  	6215.528172  	3168.546376  	6118.323782  
7130.958056  	6600.578932  	6200.515501  	3165.225544  	6112.301652  
7127.990233  	6613.919508  	6211.409136  	3169.589514  	6129.754009  
7119.229425  	6561.927515  	6198.989618  	3163.625601  	6115.077613  
7139.184408  	6575.590646  	6209.112727  	3163.444942  	6126.710781  
7137.764131  	6578.047224  	6211.3022  	3167.908574  	6115.871513  
7130.327598  	6595.615239  	6208.664899  	3163.89506  	6118.558027  
7135.523181  	6594.344722  	6185.244644  	3159.665016  	6119.604206  
7120.839134  	6615.952831  	6205.09161  	3159.91685  	6130.267681  
7131.963224  	6569.328603  	6211.175868  	3164.119905  	6129.829985  
7125.572115  	6617.833501  	6216.572623  	3162.114905  	6121.417999  
7128.10757  	6598.088942  	6216.064054  	3165.400551  	6127.649872  
7129.151017  	6580.086675  	6194.502739  	3169.003398  	6114.097861  
7126.409155  	6594.429573  	6214.225944  	3158.937218  	6106.845082  
7131.938383  	6583.414252  	6204.074732  	3169.946783  	6129.504813  
7132.073324  	6589.108558  	6217.760567  	3158.033001  	6115.236825  
7137.392779  	6576.459263  	6201.921796  	3164.216425  	6123.097943  
7145.833953  	6589.828738  	6224.673726  	3171.464944  	6128.876492  
7152.100457  	6578.357193  	6218.638337  	3175.471539  	6120.487323  
7144.45827  	6609.79537  	6217.463788  	3169.686112  	6121.667839  
7142.706521  	6588.960414  	6214.672147  	3166.185969  	6126.487543  
7147.594549  	6595.581488  	6238.795904  	3170.978026  	6121.662845  
7155.877943  	6593.186872  	6217.749865  	3167.938223  	6136.137279  
7150.427076  	6577.462507  	6209.013198  	3168.413544  	6127.261755  
7139.588373  	6580.843715  	6217.373823  	3172.310663  	6137.854019  
7141.930801  	6609.101822  	6231.06809  	3179.504604  	6122.774529  
7129.734742  	6572.466274  	6206.702453  	3176.740417  	6127.511496  
7136.949956  	6618.184087  	6218.681891  	3171.793482  	6101.954738  
7141.919919  	6602.42473  	6228.464439  	3170.083791  	6135.133307  
7139.147003  	6613.758734  	6246.293532  	3169.531801  	6117.905545  
7131.127983  	6607.141786  	6241.391822  	3171.716533  	6122.251821  
7134.38677  	6624.858588  	6254.324419  	3166.17253  	6124.605131  
7137.673934  	6609.629669  	6225.517206  	3165.347593  	6119.287495  
7146.660418  	6586.601812  	6239.894771  	3158.610452  	6124.776009  
7156.53828  	6603.801668  	6234.357759  	3173.713757  	6140.331654  
7157.201226  	6575.049521  	6226.646277  	3179.090735  	6150.877586  
7149.078632  	6577.400127  	6210.605152  	3162.944802  	6135.552065  
7146.042162  	6554.611826  	6217.625627  	3167.233149  	6138.999358  
7137.28982  	6565.736373  	6219.603613  	3174.769924  	6128.001998  
7147.438366  	6543.049242  	6215.510425  	3171.346204  	6138.981047  
7145.985722  	6579.065544  	6205.353521  	3171.742904  	6126.468292  
7147.077138  	6559.993533  	6217.211968  	3159.535508  	6114.974504  
7134.111016  	6597.17466  	6213.597918  	3164.65352  	6128.987684  
7131.621291  	6582.648139  	6204.77031  	3177.210653  	6123.416377  
7143.205943  	6585.736323  	6215.327678  	3169.916608  	6111.439872  
7134.37655  	6580.525206  	6214.007902  	3164.956928  	6138.607344  
7144.057118  	6601.524384  	6229.537774  	3171.637324  	6130.838976  
7155.227942  	6625.014529  	6229.605572  	3177.995101  	6107.711601  
7157.607377  	6658.723209  	6253.446984  	3181.720909  	6151.620422  
7147.564026  	6611.060786  	6243.092517  	3166.403553  	6150.031777  
7158.574318  	6592.982656  	6232.55636  	3173.12954  	6142.896213  
7154.948575  	6595.84223  	6233.129251  	3188.440275  	6147.910744  
7148.566786  	6597.106241  	6236.025068  	3175.251395  	6139.631896  
7145.28908  	6608.676424  	6223.054427  	3158.10818  	6126.334765  
7138.911572  	6583.590417  	6225.336041  	3164.886738  	6124.144037  
7146.224904  	6615.114367  	6240.540163  	3158.578679  	6104.710455  
7155.399863  	6592.917745  	6235.05473  	3158.066202  	6137.407676  
7155.841915  	6594.992805  	6248.373155  	3164.631538  	6138.596604  
7166.155507  	6587.925736  	6229.452033  	3165.506046  	6129.44549  
7159.864637  	6571.305674  	6231.090329  	3169.30546  	6130.677538  
7149.700769  	6590.349031  	6216.274085  	3172.972683  	6133.544645  
7141.207028  	6567.922119  	6213.644401  	3158.456649  	6129.290042  
7146.87818  	6589.168128  	6239.209241  	3181.106295  	6140.259937  
7159.237296  	6609.020333  	6234.430748  	3166.471533  	6124.688461  
7154.09286  	6570.402468  	6206.463252  	3162.477118  	6134.536178  
7137.734941  	6554.074886  	6220.565872  	3167.720666  	6123.577842  
7137.346701  	6544.217908  	6194.660514  	3172.801111  	6115.645553  
7143.031979  	6583.451022  	6187.232314  	3169.617626  	6141.764251  
7133.554095  	6559.518256  	6181.216767  	3156.785291  	6111.62085  
7134.546286  	6547.278495  	6186.473264  	3167.187834  	6126.792366  
7119.059912  	6541.875882  	6182.201705  	3164.140362  	6113.813329  
7135.635887  	6557.777085  	6190.640246  	3158.763269  	6113.198706  
7142.569945  	6549.399738  	6195.51947  	3170.775096  	6146.949529  
7145.113479  	6556.325873  	6198.345248  	3172.66329  	6142.979712  
7145.460813  	6543.317602  	6197.594274  	3175.430118  	6138.860626  
7135.611487  	6551.535435  	6199.177083  	3175.877362  	6133.168587  
7128.963083  	6540.755097  	6203.213352  	3166.025793  	6118.665295  
7148.242048  	6566.322012  	6217.406198  	3168.670863  	6108.906298  
7144.270228  	6565.411716  	6191.446975  	3158.646894  	6115.222855  
7135.303684  	6573.389997  	6194.133802  	3171.161142  	6122.548689  
7135.699849  	6590.128757  	6179.804712  	3174.684062  	6110.386167  
7142.887737  	6561.777085  	6186.901776  	3168.509152  	6122.171884  
7134.061226  	6587.001958  	6177.250935  	3167.109053  	6125.551493  
7137.863123  	6579.111428  	6212.266348  	3167.957546  	6129.822052  
7157.200171  	6570.761808  	6214.377179  	3176.10436  	6140.981267  
7152.616447  	6605.026552  	6245.451062  	3177.789002  	6119.487733  
7160.360163  	6585.862947  	6229.779288  	3174.896412  	6133.075572  
7142.113693  	6615.747997  	6223.406814  	3165.374357  	6131.496356  
7134.115622  	6613.835977  	6237.309711  	3167.647976  	6103.018229  
7133.460272  	6587.830895  	6230.515232  	3164.830359  	6123.150807  
7134.35136  	6609.717325  	6238.67721  	3173.933633  	6118.951811  
7138.80898  	6567.889903  	6221.318152  	3160.776432  	6106.640366  
7137.40082  	6617.21727  	6242.206075  	3167.90791  	6132.294382  
7143.242586  	6564.983633  	6226.140442  	3162.980301  	6135.511158  
7147.484296  	6595.696289  	6217.814818  	3172.382186  	6127.105876  
7146.594355  	6573.95738  	6224.702232  	3167.371474  	6121.959696  
7138.655781  	6575.947256  	6220.533784  	3170.49307  	6140.43505  
7135.583475  	6597.178238  	6215.964644  	3167.362297  	6120.949556  
7137.021898  	6602.722701  	6224.077404  	3162.360165  	6128.446738  
7142.198354  	6607.098877  	6224.419881  	3170.530229  	6113.510145  
7130.790189  	6602.765341  	6215.326441  	3162.542132  	6105.545594  
7139.588489  	6612.18595  	6218.952018  	3158.218537  	6110.095727  
7139.357038  	6604.779656  	6224.456473  	3164.346748  	6127.387141  
7142.810256  	6607.256308  	6239.505709  	3158.3348  	6116.798189  
7138.018615  	6627.987833  	6231.631623  	3157.011324  	6111.29541  
7137.191276  	6601.101014  	6231.098715  	3165.286122  	6122.798129  
7140.753468  	6577.934336  	6218.451488  	3167.558813  	6127.84819  
7138.992675  	6572.838733  	6220.434896  	3163.051583  	6113.376082  
7147.386804  	6556.32235  	6213.933553  	3159.984446  	6131.614427  
7138.721182  	6568.396714  	6210.297409  	3157.043559  	6118.752767  
7134.41267  	6572.358722  	6210.900399  	3154.415545  	6111.550124  
7128.966085  	6560.239522  	6200.398302  	3156.008561  	6119.613122  
7133.045422  	6564.135827  	6197.181513  	3168.599693  	6116.801245  
7131.984824  	6581.362364  	6198.516375  	3160.156986  	6096.815487  
7138.93945  	6584.338628  	6206.585241  	3160.110593  	6129.477117  
7143.484021  	6569.336745  	6196.744858  	3168.342929  	6129.628695  
7147.234421  	6559.046192  	6212.557475  	3167.516555  	6134.960075  
7145.555258  	6557.585972  	6185.599402  	3156.560391  	6121.842361  
7126.800751  	6549.781414  	6188.644719  	3162.086817  	6105.928476  
7128.464  	6539.916479  	6196.347882  	3165.077624  	6098.65442  
7136.028561  	6543.587183  	6178.498744  	3155.063007  	6118.488899  
7135.188687  	6581.406091  	6211.371548  	3163.652454  	6097.215745  
7141.293262  	6577.831314  	6196.670397  	3170.814288  	6120.206597  
7139.418007  	6589.329754  	6203.965423  	3166.795199  	6128.256275  
7134.19401  	6556.281828  	6202.402666  	3169.980763  	6118.02052  
7142.588817  	6591.833775  	6196.531819  	3182.33618  	6124.522874  
7139.647814  	6570.503971  	6201.909061  	3169.730994  	6137.036651  
7147.055223  	6582.12501  	6204.702967  	3164.196057  	6132.134452  
7142.307331  	6582.596655  	6213.308609  	3167.153407  	6119.859902  
7142.787142  	6598.811548  	6222.867361  	3166.35023  	6120.159053  
7129.198727  	6580.493289  	6203.585495  	3160.833224  	6116.922457  
7127.445642  	6558.50993  	6199.403077  	3160.146348  	6107.783396  
7137.739498  	6594.290856  	6201.633258  	3166.993229  	6127.409201  
7125.408922  	6611.053676  	6204.506796  	3164.412179  	6121.090441  
7145.574965  	6594.891367  	6214.88925  	3167.248601  	6122.248981  
7140.895963  	6583.211874  	6195.636082  	3171.223133  	6132.928702  
7141.708056  	6602.754649  	6211.436475  	3166.023272  	6119.633039  
7144.742702  	6570.563965  	6195.999601  	3170.124729  	6117.635534  
7150.200764  	6622.630491  	6197.467709  	3163.023032  	6133.089627  
7141.092986  	6585.337203  	6196.180825  	3167.19978  	6127.91937  
7144.208824  	6571.029994  	6207.172424  	3174.672096  	6137.1335  
7152.49695  	6560.533387  	6200.544444  	3185.856379  	6143.405979  
7146.389717  	6572.036262  	6192.606115  	3181.497972  	6123.383301  
7146.878252  	6568.77849  	6203.993896  	3174.600467  	6151.407079  
7159.498294  	6606.522929  	6233.691895  	3171.684815  	6158.737992  
7158.088479  	6573.793597  	6236.357016  	3169.852803  	6126.848262  
7156.033811  	6535.587567  	6215.34792  	3163.820889  	6132.979821  
7144.097849  	6547.711481  	6204.709487  	3167.727127  	6116.506839  
7147.127927  	6539.159474  	6209.530925  	3166.438798  	6122.652302  
7150.146841  	6583.652912  	6225.672278  	3172.844921  	6141.437349  
7152.285531  	6612.273961  	6222.538133  	3163.630623  	6123.509157  
7148.110541  	6587.0498  	6224.057334  	3178.001459  	6125.391502  
7151.73675  	6593.996433  	6226.772796  	3167.780751  	6142.104688  
7147.419965  	6597.491864  	6225.284416  	3160.930117  	6154.433986  
7144.754651  	6587.973085  	6227.928061  	3167.352979  	6151.997589  
7152.876373  	6584.975601  	6202.189568  	3180.243467  	6134.039542  
7153.175214  	6614.877322  	6234.020119  	3167.988349  	6143.221137  
7138.751193  	6552.698945  	6211.891781  	3168.706134  	6141.268913  
7153.210749  	6585.364721  	6241.604348  	3177.532311  	6132.397181  
7140.723781  	6579.371243  	6215.262359  	3171.915457  	6127.361084  
7139.895054  	6560.364746  	6215.000685  	3167.25797  	6129.247167  
7139.496945  	6612.316187  	6238.089915  	3173.489568  	6119.704457  
7141.731488  	6582.092664  	6226.764142  	3162.45411  	6135.896457  
7138.039681  	6591.426708  	6206.382709  	3164.994585  	6115.534584  
7139.239621  	6567.079396  	6211.919145  	3161.135697  	6128.890185  
7138.142149  	6582.59657  	6211.675389  	3160.2713  	6133.654851  
7132.790439  	6575.758829  	6201.258458  	3157.611895  	6121.816901  
7142.785631  	6568.881233  	6201.725999  	3162.653325  	6125.167456  
7135.455226  	6566.743877  	6207.090681  	3165.297058  	6133.515254  
7150.945988  	6578.625164  	6210.718868  	3179.932702  	6153.769236  
7134.181444  	6553.633605  	6186.537279  	3171.686767  	6123.098494  
7129.393535  	6573.256527  	6198.757176  	3179.872668  	6134.613568  
7141.447651  	6536.704191  	6222.472411  	3179.739939  	6125.385456  
7127.286565  	6544.98163  	6213.628416  	3165.448463  	6115.564917  
7127.939106  	6576.072535  	6222.285389  	3160.678711  	6109.17214  
7136.300529  	6586.548185  	6240.043652  	3165.844032  	6107.265963  
7142.016469  	6603.751589  	6203.90593  	3169.222761  	6117.924362  
7130.926332  	6589.517753  	6214.415944  	3174.253569  	6118.494415  
7133.315285  	6606.936274  	6204.965444  	3165.669757  	6102.75393  
7127.032053  	6557.175622  	6189.711645  	3165.119253  	6121.215992  
7126.979359  	6565.816312  	6184.814324  	3161.767552  	6132.867175  
7135.342426  	6585.320058  	6222.514009  	3159.574467  	6121.81178  
7153.688599  	6579.771275  	6203.162284  	3170.145643  	6130.00636  
7138.634652  	6551.491425  	6203.266428  	3161.132946  	6107.788586  
7139.225593  	6574.195312  	6220.641464  	3164.951684  	6113.465242  
7149.583105  	6619.474839  	6227.229883  	3169.45877  	6130.2488  
7141.53176  	6603.361637  	6205.347072  	3173.305511  	6129.560098  
7145.66988  	6574.003991  	6217.863891  	3162.453208  	6133.871338  
7155.179346  	6571.783676  	6229.948579  	3165.129644  	6138.346288  
7150.67376  	6582.046755  	6218.151917  	3175.619605  	6140.187844  
7148.00536  	6602.94738  	6248.121512  	3165.445791  	6129.325708  
7158.665945  	6614.275411  	6261.790555  	3183.366976  	6149.96724  
7156.966747  	6598.427371  	6227.350571  	3176.984003  	6137.136098  
7150.49512  	6611.482457  	6215.445117  	3178.801677  	6151.022352  
7138.691284  	6563.961102  	6212.899199  	3165.163677  	6132.087267  
7146.968224  	6585.493274  	6234.046053  	3169.771015  	6128.653583  
7148.079502  	6609.824792  	6218.588747  	3168.270885  	6133.503961  
7143.216782  	6580.004723  	6200.137626  	3170.31463  	6119.496145  
7132.132635  	6569.338827  	6215.231928  	3171.386187  	6112.851789  
7134.96226  	6612.718351  	6225.83015  	3155.748688  	6109.729326  
7137.524674  	6570.245501  	6205.74647  	3156.079872  	6123.167294  
7137.395926  	6580.094572  	6202.94151  	3155.883396  	6096.496772  
7133.522538  	6563.471899  	6196.985508  	3159.854036  	6101.254  
7133.335811  	6584.221286  	6196.787034  	3151.375385  	6107.425793  
7144.144408  	6601.003622  	6211.493594  	3157.441994  	6114.063073  
7147.544927  	6592.089774  	6232.19369  	3171.672988  	6121.620539  
7167.411394  	6593.428646  	6223.422458  	3174.242275  	6149.087333  
7150.34062  	6627.852076  	6231.440332  	3172.687905  	6126.210127  
7144.091456  	6575.632798  	6223.652962  	3163.241821  	6135.082399  
7146.911944  	6611.874337  	6207.290588  	3154.179748  	6107.422204  
7135.390998  	6598.558743  	6205.574276  	3164.871531  	6123.623981  
7138.592775  	6595.842629  	6204.151101  	3172.970895  	6126.671625  
7134.230999  	6615.877681  	6209.715398  	3157.236063  	6117.989773  
7135.317893  	6562.863027  	6198.310917  	3157.884588  	6097.997504  
7132.258476  	6575.315181  	6193.650827  	3161.635436  	6108.215202  
7128.733643  	6590.727061  	6197.655601  	3164.721926  	6115.937735  
7148.760043  	6585.387152  	6226.380609  	3168.754245  	6140.515842  
7147.781384  	6594.599714  	6208.907174  	3171.378159  	6133.005383  
7144.042588  	6565.34931  	6222.983574  	3159.077544  	6121.111449  
7140.699359  	6587.000399  	6202.721379  	3166.494302  	6128.909629  
7120.539301  	6598.713518  	6193.649121  	3157.10641  	6108.81291  
7128.956739  	6576.798898  	6211.755586  	3157.539055  	6113.711233  
7131.94742  	6587.239547  	6202.993437  	3162.461474  	6107.332263  
7139.722479  	6613.844796  	6211.490883  	3166.589742  	6123.737766  
7143.868155  	6578.544354  	6209.190655  	3163.127973  	6111.369973  
7152.708319  	6583.539919  	6209.657561  	3173.231351  	6129.912667  
7153.535877  	6553.685268  	6197.843804  	3175.025494  	6126.645306  
7157.220169  	6565.68878  	6190.831786  	3174.370994  	6141.668505  
7157.142132  	6580.15344  	6225.420365  	3180.126736  	6163.146328  
7159.941851  	6612.128164  	6233.703932  	3174.5155  	6139.883681  
7148.794556  	6606.045146  	6211.438633  	3173.431725  	6141.928693  
7139.853228  	6585.904561  	6211.116264  	3165.9211  	6117.44741  
7144.546641  	6606.227933  	6245.800748  	3165.519177  	6125.803268  
7147.526283  	6583.333252  	6235.301882  	3172.562619  	6135.833779  
7145.094147  	6603.551509  	6227.872286  	3174.830843  	6155.959078  
7151.118348  	6573.942358  	6233.545401  	3174.153643  	6135.67016  
7157.575242  	6558.250688  	6218.435137  	3164.270331  	6144.855821  
7154.688901  	6600.44172  	6240.679883  	3182.063631  	6162.110336  
7136.613476  	6604.009382  	6235.448335  	3184.321209  	6158.302951  
7140.253676  	6589.253039  	6213.087292  	3170.989892  	6137.586185  
7139.955335  	6582.325699  	6220.146092  	3174.148106  	6140.053349  
7133.287443  	6574.94594  	6203.104568  	3172.497256  	6111.609245  
7137.2399  	6564.071508  	6217.74507  	3165.368927  	6116.118875  
7139.410896  	6566.810881  	6212.687325  	3160.800749  	6098.871335  
7137.440167  	6527.056297  	6202.605464  	3160.578489  	6109.845721  
7135.486085  	6561.089241  	6203.955268  	3162.185501  	6114.219781  
7128.963296  	6563.230673  	6196.538063  	3154.568539  	6099.549383  
7125.020745  	6571.535824  	6185.426757  	3167.590578  	6121.312979  
7124.646923  	6551.794304  	6194.110893  	3156.15979  	6091.117585  
7144.2692  	6552.499103  	6205.214308  	3154.357864  	6118.702516  
7138.097038  	6581.003214  	6187.478593  	3165.156364  	6121.099838  
