7237.102588  	6757.603954  	6411.582742  	3828.427193  	6255.036874  
7230.501666  	6784.187928  	6420.968747  	3819.314947  	6237.831326  
7229.641733  	6753.158821  	6407.612067  	3826.801788  	6252.079575  
7240.432464  	6789.390894  	6407.786146  	3820.509183  	6254.683588  
7240.679596  	6860.666359  	6455.692662  	3821.621244  	6245.118402  
7243.207324  	6829.843446  	6430.904397  	3824.041687  	6255.169301  
7234.101668  	6767.866027  	6412.187341  	3834.192701  	6254.817015  
7233.537355  	6781.724928  	6419.469044  	3830.93292  	6231.98662  
7233.658764  	6781.782102  	6438.929547  	3806.578781  	6245.375332  
7231.061387  	6789.75297  	6421.668509  	3817.162833  	6248.766583  
7228.227726  	6757.309027  	6424.750673  	3822.456928  	6247.229619  
7228.24413  	6744.641128  	6414.834414  	3816.181851  	6250.700388  
7234.907281  	6710.955741  	6401.03005  	3821.664947  	6242.765996  
7220.814189  	6727.745715  	6406.434634  	3822.495568  	6249.802201  
7231.448104  	6817.078389  	6432.906949  	3827.592346  	6252.671019  
7243.071168  	6805.502237  	6418.386477  	3832.664299  	6241.003352  
7251.204581  	6810.567458  	6442.777861  	3843.034105  	6266.189613  
7241.184303  	6813.022292  	6418.76637  	3825.1467  	6251.357407  
7231.806986  	6806.269601  	6412.247009  	3829.453818  	6255.094157  
7232.049803  	6800.300403  	6407.627778  	3820.226498  	6232.491265  
7229.756504  	6775.082021  	6412.231462  	3799.148353  	6237.885396  
7226.919787  	6809.696184  	6409.767792  	3811.12633  	6229.382662  
7242.652538  	6836.672891  	6400.510145  	3830.423163  	6248.194713  
7249.722986  	6810.939971  	6423.867949  	3822.292184  	6256.137626  
7240.508877  	6811.964689  	6417.666109  	3823.548949  	6271.073661  
7230.234585  	6794.09932  	6428.769544  	3813.283729  	6243.588424  
7230.50384  	6775.69469  	6434.443046  	3820.59659  	6236.084388  
7229.663135  	6766.330307  	6430.364681  	3844.935927  	6240.059368  
7224.381217  	6742.874392  	6402.293971  	3826.087522  	6246.651958  
7234.986563  	6759.202662  	6397.59034  	3839.863797  	6246.678726  
7240.759794  	6795.049979  	6414.062206  	3835.109538  	6267.851086  
7237.035906  	6844.00998  	6441.579633  	3836.106457  	6264.37113  
7231.431804  	6789.167421  	6412.020048  	3819.002763  	6237.785063  
7225.279536  	6783.315689  	6414.731437  	3825.486167  	6253.694239  
7229.221098  	6796.31399  	6401.949345  	3807.597293  	6248.619126  
7251.288419  	6785.224475  	6431.0078  	3841.27167  	6269.939007  
7234.133561  	6857.718366  	6451.445252  	3844.261822  	6264.586326  
7241.747192  	6822.404113  	6403.96168  	3837.005591  	6248.890052  
7241.333307  	6874.643395  	6430.561073  	3832.128149  	6229.53326  
7255.402236  	6820.366814  	6424.442342  	3848.431836  	6264.735566  
7263.635659  	6843.983413  	6420.285841  	3832.674573  	6241.399372  
7251.366175  	6840.829136  	6437.477865  	3835.195737  	6264.035009  
7240.655396  	6862.614233  	6432.362124  	3851.817518  	6273.54094  
7252.252641  	6895.407042  	6447.504589  	3832.845402  	6255.343241  
7252.156595  	6900.645777  	6456.829199  	3845.878653  	6253.381384  
7253.321253  	6888.653784  	6452.287621  	3827.608524  	6253.80989  
7245.09531  	6822.872035  	6406.893885  	3826.199732  	6248.313763  
7234.846938  	6781.845504  	6414.266985  	3815.656689  	6235.601125  
7239.376239  	6796.980309  	6422.977284  	3836.324267  	6255.541043  
7237.451571  	6779.371971  	6397.625034  	3832.763471  	6252.321367  
7244.520964  	6787.062789  	6421.875297  	3834.768781  	6267.858275  
7234.079025  	6806.403639  	6407.057777  	3836.063614  	6257.001998  
7231.712102  	6782.949508  	6420.672011  	3826.810991  	6244.254985  
7236.320813  	6750.345559  	6401.022706  	3825.230417  	6258.595851  
7225.695014  	6793.393869  	6404.881364  	3821.792892  	6235.660738  
7243.528885  	6780.891826  	6421.398204  	3829.198482  	6250.123321  
7254.098558  	6809.042794  	6427.137198  	3837.834717  	6264.765824  
7250.896439  	6848.576426  	6442.859091  	3831.389661  	6235.90587  
7256.970553  	6800.257314  	6461.90115  	3825.841565  	6255.740274  
7248.472588  	6836.097312  	6439.30325  	3833.773279  	6259.279469  
7245.161373  	6835.25847  	6422.29658  	3836.406378  	6255.543029  
7249.564556  	6810.014534  	6433.921904  	3844.255583  	6249.259223  
7227.743592  	6798.760473  	6429.100559  	3823.151563  	6245.09186  
7237.192955  	6791.504723  	6434.443829  	3804.975828  	6247.129033  
7238.056012  	6799.780682  	6436.81058  	3823.842549  	6260.344344  
7235.777375  	6804.371886  	6418.289647  	3816.398253  	6248.483383  
7226.699393  	6800.08083  	6404.681174  	3822.648017  	6230.536995  
7226.750259  	6771.032964  	6419.793514  	3808.748247  	6245.72681  
7221.122158  	6847.649932  	6437.241297  	3812.78428  	6231.584973  
7226.838179  	6795.314563  	6383.03882  	3820.750518  	6247.95226  
7222.280756  	6807.989617  	6398.693929  	3801.414449  	6241.535868  
7224.087908  	6830.424999  	6410.546844  	3805.44129  	6229.875326  
7230.394873  	6806.688098  	6413.211696  	3814.546347  	6237.090404  
7224.278348  	6779.451516  	6395.377154  	3809.987467  	6239.497106  
7239.22157  	6841.048225  	6419.003799  	3829.799797  	6256.64272  
7228.127785  	6826.125144  	6407.858782  	3825.930378  	6239.069236  
7226.2567  	6742.688203  	6419.166945  	3836.226478  	6248.328499  
7223.483444  	6845.013527  	6405.936669  	3826.207873  	6256.00176  
7238.563508  	6839.255152  	6456.418937  	3822.944137  	6227.795275  
7235.311164  	6796.327776  	6428.297484  	3815.513216  	6231.835317  
7236.422898  	6750.81113  	6437.83039  	3829.218905  	6256.409761  
7231.756248  	6792.636156  	6436.78077  	3814.170572  	6235.129596  
7238.390379  	6767.731993  	6435.757312  	3804.506103  	6247.862241  
7244.753954  	6754.280328  	6395.33918  	3829.012583  	6261.381791  
7243.230968  	6782.041539  	6430.855262  	3814.504681  	6258.298759  
7224.395676  	6770.876201  	6435.786788  	3817.408665  	6239.685092  
7230.317549  	6785.54536  	6417.775621  	3818.401423  	6251.15364  
7211.543253  	6712.110989  	6403.682941  	3818.970317  	6229.710374  
7211.948241  	6708.627402  	6402.454213  	3812.123559  	6239.890649  
7221.146114  	6707.889833  	6401.962967  	3810.755388  	6253.011146  
7229.942289  	6736.996622  	6413.790755  	3818.721181  	6255.271768  
7220.043059  	6750.441571  	6398.041493  	3809.359279  	6241.130431  
7242.757439  	6720.816172  	6397.741598  	3830.961261  	6254.582942  
7232.948853  	6785.946204  	6423.152251  	3835.390038  	6259.474851  
7227.233428  	6762.620028  	6419.17012  	3825.654934  	6252.868848  
7231.245412  	6741.63342  	6415.21386  	3817.130204  	6231.960636  
7229.546548  	6773.648243  	6426.529535  	3818.555529  	6238.443998  
7240.29387  	6732.814229  	6407.54338  	3824.390261  	6247.669391  
7235.87262  	6803.552256  	6424.778409  	3821.92778  	6243.377381  
7221.423699  	6756.716458  	6413.588594  	3819.460834  	6246.454741  
7218.026576  	6746.688377  	6391.358144  	3828.624826  	6243.227473  
7234.893009  	6753.031654  	6441.133118  	3833.981916  	6274.251775  
7254.467255  	6784.092066  	6442.698005  	3838.937903  	6249.894953  
7247.248876  	6847.090207  	6418.791699  	3823.579431  	6235.131137  
7239.212264  	6802.666579  	6424.674235  	3828.041376  	6251.020285  
7236.456458  	6818.804683  	6406.140611  	3843.25116  	6264.569155  
7238.212342  	6812.975815  	6412.531359  	3851.271991  	6243.75856  
7242.736532  	6792.979333  	6427.233973  	3836.817348  	6253.181333  
7247.102491  	6811.354572  	6428.210154  	3840.228552  	6252.186572  
7237.454262  	6781.617576  	6430.406023  	3825.272652  	6254.581145  
7249.790164  	6869.353849  	6423.896407  	3827.219904  	6254.592442  
7245.116491  	6835.184296  	6454.123788  	3812.981587  	6234.859688  
7237.28629  	6795.786726  	6447.300087  	3836.108097  	6257.631191  
7235.57561  	6828.524872  	6428.361194  	3826.963304  	6263.104185  
7242.336457  	6750.055241  	6416.204589  	3813.118818  	6258.313097  
7233.958998  	6751.135653  	6424.624296  	3814.0796  	6239.49493  
7229.682978  	6780.251315  	6425.134252  	3833.951723  	6244.544171  
7228.476933  	6800.279337  	6425.799633  	3815.354117  	6251.387183  
7239.480503  	6787.445143  	6436.847399  	3827.349443  	6260.544551  
7240.333248  	6851.697266  	6424.894428  	3822.600832  	6231.94027  
7241.137646  	6821.0214  	6437.230934  	3829.77156  	6245.180824  
7224.255867  	6779.330711  	6416.956771  	3825.418324  	6232.087818  
7248.495866  	6747.42324  	6403.666921  	3830.546664  	6266.72464  
7250.308308  	6759.114597  	6442.014693  	3830.503021  	6253.314658  
7240.059812  	6768.029486  	6437.178013  	3824.844282  	6238.301417  
7240.796773  	6771.475172  	6421.133776  	3828.363512  	6251.644459  
7261.653061  	6824.178282  	6428.548108  	3830.237737  	6257.630745  
7216.891836  	6733.083486  	6430.287721  	3815.038073  	6236.264941  
7238.758797  	6767.00131  	6426.45781  	3826.046283  	6251.560119  
7245.983688  	6777.739323  	6423.386573  	3837.578966  	6256.400704  
7252.76636  	6875.315215  	6457.450577  	3828.454009  	6253.769504  
7247.41081  	6817.319022  	6446.746256  	3836.932353  	6252.83651  
7253.760575  	6909.957908  	6459.459188  	3842.918569  	6242.879187  
7249.484052  	6837.527324  	6445.016244  	3832.497644  	6256.032673  
7255.055965  	6849.618324  	6455.946454  	3842.390309  	6256.586269  
7245.290046  	6842.543831  	6444.948812  	3845.206389  	6248.936686  
7245.490707  	6787.359245  	6423.742711  	3843.365309  	6248.566653  
7245.666617  	6810.340257  	6426.621832  	3826.925601  	6255.043505  
7243.400373  	6834.035131  	6422.914168  	3833.097205  	6249.130522  
7232.600213  	6765.771111  	6400.631788  	3821.976751  	6238.678542  
7220.501353  	6776.512302  	6396.252801  	3805.014979  	6232.040865  
7208.405989  	6776.50149  	6389.430285  	3797.036136  	6212.848907  
7203.88749  	6783.82519  	6389.624612  	3809.452537  	6235.113905  
7216.258265  	6726.333949  	6385.208434  	3817.387602  	6246.764977  
7220.138763  	6768.395528  	6418.037606  	3824.256122  	6254.592137  
7240.832786  	6781.293293  	6416.965959  	3830.049809  	6258.577646  
7258.49175  	6798.21163  	6418.884259  	3843.669846  	6271.24179  
7240.448804  	6798.711207  	6431.935636  	3841.421487  	6259.108353  
7223.829617  	6801.582813  	6423.683272  	3833.489436  	6240.96828  
7242.512303  	6780.862051  	6416.214969  	3823.685869  	6250.522633  
7232.322975  	6838.146793  	6409.34513  	3816.975161  	6258.486542  
7239.453365  	6777.007215  	6423.656738  	3819.931664  	6245.974278  
7232.190272  	6800.364039  	6453.62837  	3811.887853  	6249.490705  
7223.282978  	6811.071568  	6422.16928  	3818.208239  	6233.778251  
7225.809974  	6761.066914  	6393.497143  	3811.636969  	6229.921338  
7234.125835  	6813.396738  	6410.6898  	3835.888855  	6239.251745  
7220.225125  	6820.435318  	6406.777997  	3826.550026  	6259.461576  
7220.843254  	6787.964639  	6419.407157  	3826.058101  	6241.663538  
7223.405446  	6784.063766  	6402.354825  	3819.383651  	6271.577878  
7224.232186  	6810.544967  	6403.905854  	3823.611227  	6249.935456  
7231.996062  	6803.160425  	6402.866834  	3819.893241  	6251.425091  
7240.131429  	6799.365339  	6383.575319  	3813.542789  	6246.890019  
7252.371177  	6805.511893  	6415.877536  	3812.821283  	6238.730517  
7230.155032  	6794.370466  	6419.576097  	3815.838892  	6228.301013  
7235.483115  	6821.874846  	6438.845827  	3815.223656  	6244.303681  
7230.481969  	6808.14644  	6411.539898  	3827.493691  	6226.565186  
7230.788579  	6787.304498  	6423.995621  	3826.989417  	6235.461001  
7245.580585  	6840.884631  	6423.897997  	3822.502572  	6249.8823  
7245.67525  	6828.647964  	6421.106752  	3839.17145  	6261.44137  
7239.786972  	6808.103217  	6417.952895  	3827.08441  	6262.779125  
7243.139392  	6816.630526  	6423.004551  	3842.583975  	6266.033486  
7247.166126  	6820.82809  	6440.517822  	3822.025744  	6258.079548  
7255.40958  	6817.768963  	6433.527951  	3831.488425  	6254.646023  
7249.454406  	6864.29674  	6469.200975  	3831.165345  	6246.262536  
7240.703933  	6840.302699  	6433.865815  	3841.0878  	6250.633319  
7242.959621  	6783.902568  	6389.054151  	3826.61686  	6257.334629  
7225.340703  	6788.60644  	6397.680091  	3822.297993  	6247.453719  
7236.448719  	6820.449772  	6427.772228  	3836.727605  	6238.116075  
7235.575352  	6810.398976  	6406.393997  	3820.633653  	6266.918104  
7230.285945  	6776.510344  	6396.252498  	3823.085938  	6229.736422  
7228.825461  	6727.631024  	6418.086342  	3801.604605  	6248.022931  
7232.236038  	6819.824966  	6414.01377  	3823.097862  	6236.929905  
7226.84291  	6814.132798  	6427.747869  	3814.323208  	6245.833047  
7243.112834  	6800.021255  	6426.784897  	3823.978797  	6256.904463  
7240.898773  	6776.013737  	6447.451666  	3822.438261  	6254.592897  
7232.053887  	6772.517987  	6412.677208  	3828.341968  	6244.724769  
7223.966423  	6768.043068  	6405.577928  	3812.314212  	6239.552719  
7235.155449  	6771.410545  	6386.524405  	3815.814192  	6258.646828  
7249.767535  	6826.061837  	6438.628767  	3838.237738  	6261.939911  
7236.920686  	6839.508944  	6447.880459  	3821.701266  	6234.567389  
7232.662808  	6816.881123  	6416.95052  	3816.681208  	6257.661892  
7228.098641  	6802.826381  	6419.190172  	3823.403013  	6252.623677  
7208.677919  	6781.815714  	6397.227602  	3807.588331  	6235.055034  
7212.020425  	6764.464824  	6400.821565  	3811.909382  	6230.197947  
7228.194175  	6784.485277  	6401.030592  	3833.117072  	6251.489882  
7218.512056  	6830.808205  	6426.370222  	3820.873789  	6232.934757  
7203.20334  	6722.420261  	6379.995503  	3807.067804  	6233.200424  
7201.504723  	6773.560472  	6436.074152  	3818.635503  	6232.802614  
7214.442469  	6816.973553  	6420.659134  	3819.937224  	6240.018292  
7217.70752  	6752.844159  	6391.253091  	3824.679022  	6243.632231  
7218.547726  	6735.971909  	6398.388559  	3818.536842  	6248.518374  
7219.160798  	6761.305689  	6390.344066  	3820.19402  	6230.063091  
7234.364276  	6786.041305  	6403.199921  	3813.139965  	6240.952203  
7248.739722  	6816.777563  	6417.411225  	3824.95899  	6245.776723  
7251.553901  	6917.766482  	6451.109978  	3827.042426  	6251.826648  
7242.141253  	6849.289865  	6440.048317  	3829.344332  	6239.624674  
7253.092701  	6848.046267  	6445.010315  	3825.368643  	6230.3137  
7241.449287  	6856.300796  	6421.15736  	3829.477101  	6260.569161  
7228.559358  	6803.833925  	6413.710451  	3822.101056  	6248.460374  
7233.041657  	6805.045619  	6405.570859  	3825.781056  	6250.410527  
7252.951284  	6826.930694  	6422.245892  	3840.118926  	6273.7816  
7258.510935  	6866.670614  	6440.450557  	3848.788957  	6255.065011  
7252.385493  	6864.77405  	6435.704047  	3836.127042  	6265.023335  
7257.692158  	6883.193599  	6447.04012  	3864.108565  	6259.584551  
7270.004581  	6892.390187  	6482.230505  	3845.490639  	6261.300465  
7260.091889  	6823.096914  	6437.434242  	3836.783049  	6264.054844  
7253.58775  	6896.343675  	6468.646676  	3849.790731  	6256.811177  
7247.744729  	6786.133859  	6430.268389  	3847.707944  	6293.609131  
7243.917891  	6844.863301  	6428.099987  	3828.438684  	6241.659882  
7250.216375  	6822.937455  	6436.857196  	3829.716218  	6251.317341  
7256.074605  	6862.979089  	6440.616529  	3839.451485  	6257.734182  
7253.71766  	6832.843511  	6440.082358  	3837.734488  	6261.417176  
7261.000979  	6802.230917  	6447.18031  	3842.079104  	6252.837402  
7229.665685  	6812.594841  	6440.623854  	3818.493379  	6248.465652  
7227.01319  	6787.389275  	6408.253084  	3823.606202  	6244.094959  
7241.487406  	6748.033557  	6415.882656  	3822.308845  	6256.508569  
7231.437105  	6785.113505  	6454.844161  	3818.398042  	6244.678259  
7209.228826  	6792.468112  	6441.226443  	3803.562225  	6224.481129  
7232.647491  	6784.317258  	6432.036211  	3817.903036  	6241.230041  
7240.908959  	6805.521803  	6405.166834  	3825.261195  	6253.226493  
7260.827104  	6856.882514  	6440.084942  	3841.503297  	6258.392427  
7241.286835  	6832.536402  	6421.46307  	3832.365144  	6255.301779  
7235.502844  	6822.091707  	6420.923084  	3833.287456  	6254.638443  
7219.885297  	6754.632952  	6407.586689  	3830.565875  	6241.763373  
7207.785251  	6726.05668  	6361.103452  	3805.154876  	6246.303343  
7199.60795  	6707.526068  	6377.604174  	3807.160903  	6242.6925  
7223.282685  	6700.351244  	6385.678932  	3819.934449  	6269.089774  
7233.678406  	6754.822809  	6389.684626  	3821.795796  	6270.02609  
7243.953669  	6767.517947  	6396.940796  	3830.663077  	6251.947715  
7252.989887  	6812.164461  	6419.959515  	3835.605401  	6267.438266  
7250.382401  	6845.074284  	6452.290066  	3824.416699  	6259.107588  
7250.56424  	6847.412164  	6425.903721  	3822.112642  	6252.506076  
7243.106604  	6857.320651  	6424.062053  	3819.050055  	6263.066029  
7248.313307  	6841.5328  	6408.06845  	3820.022509  	6246.553651  
7253.635109  	6797.498575  	6419.162822  	3836.552559  	6260.441711  
7236.506346  	6832.778036  	6426.916646  	3813.005839  	6253.264754  
7239.209153  	6833.556352  	6461.267718  	3824.945423  	6243.959575  
7242.099672  	6834.997444  	6441.504815  	3842.62752  	6263.861247  
7228.080398  	6772.664506  	6407.522783  	3826.018517  	6252.03094  
7227.730472  	6774.409798  	6418.343488  	3836.476597  	6259.430646  
7221.06734  	6749.82682  	6422.379124  	3827.235849  	6233.193055  
7221.699305  	6812.407012  	6419.475287  	3817.883162  	6245.439146  
7237.725252  	6817.947609  	6427.597397  	3823.353199  	6257.076097  
7250.123231  	6823.538684  	6446.22805  	3824.461158  	6252.17372  
7247.058877  	6781.046501  	6468.925274  	3823.457858  	6236.206281  
7237.759665  	6828.436897  	6435.265731  	3828.74074  	6252.11084  
7226.637783  	6793.607686  	6426.013406  	3823.672737  	6246.395372  
7236.386741  	6805.881866  	6425.137036  	3833.685415  	6250.460229  
7227.812893  	6802.640605  	6415.418109  	3822.113266  	6254.807051  
7230.465689  	6802.481919  	6413.241512  	3817.705104  	6243.349597  
7226.493485  	6753.846769  	6383.003747  	3811.703399  	6245.561409  
7242.402452  	6837.981012  	6442.599765  	3826.567077  	6233.931761  
7271.484858  	6828.824936  	6460.872219  	3839.660953  	6244.995669  
7287.980561  	6853.303811  	6469.521359  	3841.488044  	6281.800811  
7257.584769  	6832.004953  	6451.718399  	3841.773505  	6243.074605  
7253.386069  	6808.851572  	6443.597223  	3810.730459  	6251.929275  
7251.744375  	6819.113097  	6407.190743  	3833.815601  	6251.444601  
7249.688282  	6777.535585  	6409.431173  	3819.95198  	6254.349034  
7242.067103  	6760.778415  	6435.664868  	3832.899326  	6256.987446  
7243.854808  	6781.607432  	6428.808305  	3849.623944  	6268.241063  
7253.628473  	6774.941431  	6435.434786  	3840.647948  	6272.60706  
7254.796517  	6789.020034  	6425.339259  	3841.31756  	6240.468467  
7252.048223  	6820.34363  	6431.839608  	3823.703033  	6239.611575  
7247.860264  	6819.095653  	6453.208756  	3835.095421  	6244.787661  
7246.767169  	6802.30832  	6425.132194  	3836.913248  	6254.522856  
7220.463786  	6769.318095  	6426.502908  	3820.741502  	6241.382189  
7238.003009  	6743.766148  	6405.569003  	3828.804142  	6256.399125  
7232.821037  	6766.84243  	6398.818769  	3821.258904  	6248.682846  
7235.611951  	6744.496831  	6396.856687  	3813.136412  	6233.104323  
7230.267624  	6744.135971  	6410.900552  	3812.871756  	6247.725508  
7230.102652  	6733.0001  	6396.319543  	3802.559011  	6232.814628  
7234.126545  	6732.932174  	6396.10406  	3802.47624  	6246.101969  
7232.898115  	6744.656738  	6411.762243  	3822.783998  	6237.964874  
7222.422664  	6739.767035  	6423.132548  	3819.277994  	6240.269375  
7222.71358  	6759.825041  	6412.727963  	3817.149664  	6246.096607  
7248.211963  	6777.475855  	6438.321832  	3828.561073  	6258.501489  
7240.987514  	6798.180554  	6429.364676  	3836.46868  	6252.187937  
7244.102833  	6777.188158  	6417.839182  	3836.302111  	6281.819221  
7241.963509  	6727.162234  	6400.937618  	3848.418458  	6269.047867  
7233.31435  	6749.483144  	6412.4867  	3831.051274  	6260.344097  
7225.285153  	6770.613296  	6409.578704  	3811.847278  	6245.593213  
7230.962675  	6786.102041  	6404.766697  	3820.382173  	6245.407374  
7233.159754  	6802.534239  	6419.05753  	3823.735411  	6238.308539  
7225.841141  	6781.106136  	6411.53388  	3837.108156  	6240.050432  
7223.522263  	6774.214918  	6422.430195  	3815.323684  	6236.907218  
7224.26122  	6750.090706  	6425.479075  	3821.495876  	6239.464594  
7216.717129  	6762.170445  	6414.14712  	3811.095711  	6226.235626  
7224.606278  	6777.517314  	6414.414665  	3807.936606  	6244.657389  
7240.703304  	6791.279122  	6396.919311  	3828.708681  	6272.062838  
7249.753193  	6835.906982  	6408.462323  	3838.689717  	6255.128228  
7232.479453  	6832.892658  	6414.842578  	3817.144948  	6252.111593  
7224.905039  	6746.990528  	6403.866472  	3815.246803  	6231.554648  
7209.823412  	6724.221884  	6400.396696  	3804.938543  	6236.630269  
7214.265218  	6762.36659  	6393.912292  	3810.746501  	6244.478944  
7230.520889  	6774.658392  	6433.662951  	3826.50658  	6248.558127  
7219.651489  	6787.721849  	6420.969138  	3802.173001  	6222.49116  
7232.479552  	6783.751664  	6394.479262  	3815.097369  	6243.51444  
7248.593297  	6834.363451  	6424.16629  	3834.996366  	6252.919762  
7229.030406  	6777.960514  	6424.218436  	3820.492291  	6231.460513  
7224.188453  	6788.358488  	6429.155324  	3814.375241  	6245.917266  
7221.114145  	6719.044229  	6398.111315  	3819.206585  	6250.838792  
7227.179143  	6790.367736  	6420.5356  	3823.915789  	6244.133994  
7226.603807  	6798.337965  	6404.230349  	3837.439096  	6247.539662  
7240.022679  	6823.737957  	6432.859631  	3831.167619  	6264.063027  
7248.697881  	6830.209722  	6440.429132  	3826.674049  	6256.311349  
7235.195602  	6861.524529  	6430.663252  	3817.205709  	6240.161455  
7227.214065  	6784.447505  	6428.490569  	3831.114492  	6245.9522  
7238.554334  	6765.175129  	6417.486344  	3843.13638  	6248.192202  
7235.105586  	6715.66476  	6407.296673  	3831.877065  	6248.778592  
7231.847191  	6814.273582  	6415.46277  	3825.015865  	6249.393042  
7229.911332  	6754.085893  	6384.575906  	3834.11737  	6256.000512  
7232.792419  	6726.036701  	6399.9413  	3832.256263  	6235.16786  
7236.765367  	6743.38787  	6401.195792  	3828.793963  	6248.130425  
7233.277214  	6785.29841  	6396.584879  	3822.942669  	6254.929223  
7236.978578  	6768.233478  	6380.731965  	3839.02912  	6251.561204  
7239.178062  	6748.096351  	6372.543212  	3826.082447  	6256.127743  
7252.276475  	6742.198765  	6396.581805  	3825.353658  	6275.137291  
7247.399149  	6812.026367  	6412.695048  	3812.618938  	6255.380245  
7254.765985  	6820.518789  	6424.457206  	3827.23055  	6261.912607  
7232.772828  	6779.258306  	6406.75757  	3823.314573  	6245.423433  
7235.976409  	6808.095972  	6421.920584  	3813.946662  	6262.46755  
7213.543574  	6741.902618  	6397.029454  	3818.62295  	6242.199234  
7228.788929  	6780.037912  	6401.467966  	3810.545428  	6243.804736  
7226.567908  	6804.173275  	6435.864785  	3816.162185  	6225.430854  
7227.368828  	6818.520448  	6426.639  	3826.461013  	6239.646499  
7231.771922  	6767.493139  	6415.32935  	3821.948168  	6236.870012  
7235.761309  	6796.017319  	6406.421426  	3834.657876  	6257.706347  
7238.472717  	6787.952741  	6421.69089  	3812.536767  	6245.758177  
7252.588075  	6875.765869  	6419.994341  	3851.023695  	6275.990005  
7253.753169  	6825.714724  	6420.640396  	3847.42685  	6261.233471  
7245.970355  	6860.877152  	6453.179427  	3855.780977  	6247.747718  
7232.243958  	6842.039456  	6450.42008  	3829.554617  	6234.97678  
7238.419972  	6809.09815  	6444.817409  	3828.468346  	6261.141599  
7232.633478  	6788.173918  	6425.254685  	3812.342332  	6238.842638  
7226.347552  	6814.533447  	6433.842374  	3814.789906  	6219.606569  
7231.482102  	6822.553806  	6426.071597  	3801.012959  	6239.407233  
7251.782274  	6868.411845  	6460.567475  	3828.972166  	6269.708104  
7245.857167  	6819.768834  	6450.029774  	3834.734569  	6253.035449  
7244.693526  	6833.59374  	6444.307144  	3845.459161  	6249.672882  
7241.392987  	6837.405931  	6453.652711  	3829.536872  	6229.614638  
7227.636934  	6810.256587  	6412.746058  	3811.728802  	6218.299542  
7236.391513  	6769.218192  	6396.953686  	3836.117565  	6253.29485  
7234.98961  	6771.601154  	6415.889497  	3824.672521  	6265.725354  
7243.887253  	6824.363087  	6424.779841  	3841.280692  	6250.531169  
7244.714945  	6834.968381  	6439.314723  	3819.761928  	6245.852479  
7245.461013  	6812.054907  	6432.252538  	3833.207224  	6256.1222  
7264.112518  	6858.946324  	6412.332165  	3859.221415  	6271.419141  
7250.046716  	6847.859729  	6421.687608  	3854.847725  	6248.185752  
7246.893653  	6808.080183  	6426.359881  	3817.176013  	6237.917152  
7242.847568  	6848.004021  	6440.062616  	3832.073325  	6259.352934  
7244.636523  	6810.438427  	6439.951702  	3826.152226  	6256.346933  
7236.729884  	6805.406155  	6420.183457  	3818.236748  	6253.013147  
7229.831866  	6791.356924  	6418.593006  	3808.206683  	6238.526913  
7233.972656  	6770.535625  	6403.482967  	3809.395957  	6261.890107  
7236.990287  	6773.055918  	6422.390202  	3824.499122  	6243.326199  
7246.773292  	6757.712622  	6428.052462  	3805.114692  	6256.637888  
7252.3434  	6838.776307  	6436.597272  	3817.057851  	6249.713343  
7245.521613  	6872.975302  	6444.555671  	3816.687175  	6252.727186  
7249.127251  	6864.295101  	6449.651319  	3822.736673  	6256.978627  
7245.351091  	6817.76268  	6415.093907  	3826.911317  	6272.662257  
7237.691279  	6824.996936  	6427.340494  	3815.850531  	6229.875657  
7226.388649  	6801.237783  	6401.858271  	3823.694395  	6255.562048  
7228.997932  	6797.048863  	6420.473286  	3808.326741  	6223.307186  
7239.027617  	6807.851109  	6434.535956  	3819.707605  	6242.02124  
7239.199694  	6790.225436  	6468.073194  	3822.498902  	6222.678174  
7244.270793  	6832.490982  	6448.922717  	3833.049685  	6245.459153  
7227.151113  	6814.823207  	6429.299861  	3829.10722  	6255.330609  
7245.831232  	6775.340651  	6420.690662  	3816.29485  	6240.282585  
7242.495538  	6807.769327  	6440.376247  	3833.077927  	6258.184444  
7239.704229  	6760.882748  	6422.464818  	3833.987751  	6272.591019  
7223.575603  	6770.423654  	6413.991529  	3809.533227  	6222.841107  
7234.796943  	6753.634905  	6380.511687  	3817.638217  	6267.275834  
7242.016809  	6744.146669  	6424.735503  	3813.258273  	6258.708258  
7239.496662  	6789.848204  	6412.393727  	3828.031323  	6259.768561  
7251.566833  	6820.674466  	6421.049996  	3856.333175  	6270.922384  
7241.241105  	6809.945417  	6433.703181  	3834.632496  	6266.315089  
7245.774093  	6829.875518  	6430.562556  	3839.073181  	6245.956483  
7236.366844  	6818.717131  	6415.723815  	3827.279727  	6246.968907  
7251.328085  	6834.430873  	6430.982307  	3835.488215  	6251.20544  
7244.091818  	6815.701132  	6431.995868  	3840.928482  	6266.917004  
7240.567785  	6819.795883  	6435.335625  	3834.681152  	6245.502285  
7248.991842  	6842.41895  	6438.003631  	3834.425609  	6264.504581  
7252.575459  	6807.630501  	6426.749672  	3858.584369  	6263.729589  
7241.502099  	6809.074099  	6426.059673  	3835.110181  	6249.129922  
7263.382167  	6864.119081  	6469.997651  	3851.95491  	6263.965881  
7242.741517  	6816.625683  	6430.72137  	3830.071244  	6252.646741  
7243.151722  	6828.026686  	6428.869362  	3821.083888  	6261.094621  
7227.326465  	6782.844742  	6438.515157  	3810.17134  	6226.950602  
7217.305494  	6759.070004  	6395.257917  	3815.675212  	6244.22699  
7222.692548  	6709.060746  	6415.907751  	3815.687348  	6253.14199  
7233.283735  	6774.952009  	6399.212874  	3811.317371  	6247.171965  
7237.578566  	6756.771679  	6396.334828  	3849.960491  	6277.260001  
7238.887171  	6806.637092  	6434.926623  	3816.535963  	6242.356385  
7241.972307  	6792.682557  	6417.835695  	3821.180874  	6253.397627  
7240.137423  	6791.142324  	6415.381579  	3819.761582  	6256.194179  
7231.646012  	6788.161845  	6411.095545  	3829.409306  	6259.239137  
7238.113739  	6757.86216  	6390.073717  	3819.966466  	6247.283839  
7238.213158  	6728.085763  	6381.543971  	3818.172562  	6239.766149  
7237.44031  	6745.339206  	6384.946983  	3829.813665  	6254.008102  
7223.011945  	6762.981854  	6391.354827  	3828.173328  	6270.155958  
7230.747071  	6791.880939  	6409.685507  	3828.892469  	6243.710045  
7240.979454  	6804.233877  	6422.415971  	3824.504029  	6252.769796  
7244.189744  	6824.811364  	6428.59784  	3847.581614  	6260.714349  
7234.221298  	6819.145951  	6426.944763  	3823.954322  	6247.960931  
7248.631379  	6830.252043  	6451.921713  	3843.155588  	6262.53377  
7248.188624  	6792.499123  	6439.490024  	3843.197167  	6261.850297  
7233.341107  	6779.045286  	6431.84783  	3810.157976  	6233.072941  
7218.369295  	6776.311334  	6428.447656  	3811.77522  	6220.613911  
7224.623375  	6800.124103  	6420.440356  	3826.002168  	6247.910967  
7234.877145  	6799.817677  	6426.541702  	3818.4043  	6232.203339  
7241.870201  	6814.669518  	6417.661513  	3830.617412  	6262.09076  
7233.892809  	6803.320696  	6415.354179  	3825.605953  	6236.640004  
7232.640974  	6811.227833  	6461.479772  	3834.966498  	6239.370265  
7244.213847  	6855.409563  	6441.700684  	3829.08217  	6250.193549  
7244.270433  	6787.482088  	6436.608893  	3838.748395  	6273.094347  
7232.627291  	6807.585145  	6426.880705  	3823.982245  	6241.445282  
7225.844333  	6821.990324  	6412.365489  	3815.446372  	6233.499439  
7214.367023  	6752.685303  	6407.005159  	3824.024243  	6225.067072  
7211.778329  	6754.648692  	6406.799209  	3818.184201  	6232.959108  
7234.139444  	6818.01143  	6426.576043  	3812.141932  	6238.526647  
7250.881827  	6768.687654  	6411.471239  	3826.098365  	6260.635185  
7244.228522  	6823.886141  	6419.844485  	3836.740041  	6236.37481  
7243.435062  	6806.410435  	6430.725918  	3816.389854  	6255.12232  
7241.136208  	6808.481919  	6413.446876  	3809.612251  	6249.342333  
7231.843255  	6822.755107  	6436.388055  	3823.90731  	6253.655931  
7216.946866  	6811.722885  	6419.922565  	3823.080208  	6244.751179  
7233.969693  	6744.135643  	6405.442016  	3822.416958  	6254.845504  
7231.199654  	6776.478565  	6418.731459  	3818.815156  	6251.537812  
7215.143645  	6756.808285  	6408.325189  	3821.187115  	6238.535207  
7216.251921  	6754.407002  	6397.155764  	3823.7406  	6253.63718  
7215.523447  	6734.453668  	6393.284208  	3814.478256  	6240.264239  
7234.499696  	6748.519452  	6397.535903  	3825.966932  	6258.060875  
7238.463446  	6765.613914  	6397.439705  	3839.325955  	6271.136074  
7240.681334  	6763.136993  	6407.76701  	3838.430263  	6263.933009  
7247.452739  	6746.874836  	6427.143972  	3814.662913  	6253.61185  
7257.545088  	6808.54111  	6415.964976  	3818.508932  	6238.180275  
7251.746626  	6849.266626  	6435.744544  	3828.385534  	6242.618062  
7254.497028  	6850.804508  	6455.044745  	3838.485635  	6259.158649  
7255.770903  	6860.697664  	6458.033747  	3837.445044  	6242.056273  
7242.885447  	6890.405009  	6433.586641  	3835.62579  	6261.730571  
