7868.830571  	4922.158176  	6308.751003  	3086.3893  	4774.671934  
7871.764504  	4884.96447  	6305.71488  	3088.127027  	4756.006658  
7860.655714  	4922.585878  	6308.704993  	3078.622067  	4753.817869  
7856.060919  	4809.247043  	6304.120389  	3082.18205  	4748.82395  
7887.781796  	4690.867165  	6278.656788  	3079.097982  	4761.223341  
7873.731037  	4837.12293  	6290.952688  	3095.954677  	4757.377623  
7871.109686  	4932.516447  	6291.25841  	3097.078075  	4764.904339  
7856.428781  	4818.218566  	6285.859932  	3084.188176  	4748.357726  
7858.584375  	4819.055898  	6285.079768  	3082.979895  	4764.345757  
7873.725093  	4868.756248  	6318.857816  	3081.294239  	4745.848546  
7874.055209  	4821.376368  	6278.020963  	3085.401691  	4754.666426  
7870.27451  	4754.46233  	6278.495661  	3084.542906  	4731.090673  
7870.348937  	4889.96158  	6298.613775  	3080.405768  	4760.82571  
7882.206549  	4854.387932  	6309.575132  	3094.619301  	4764.432558  
7877.389658  	4811.672857  	6307.774918  	3084.361043  	4741.437304  
7859.13001  	4811.87575  	6288.725247  	3089.163773  	4744.808906  
7866.178592  	4773.717716  	6290.856487  	3080.761259  	4745.958751  
7868.188665  	4821.15774  	6302.627796  	3080.241819  	4749.512169  
7862.563436  	4792.029984  	6297.675062  	3090.101318  	4771.003614  
7862.451792  	4773.169747  	6289.948668  	3069.997112  	4730.938723  
7881.314764  	4893.430393  	6292.263196  	3093.947859  	4766.474265  
7862.890815  	4896.681825  	6275.619695  	3073.943765  	4744.412433  
7860.288887  	4791.8174  	6285.058187  	3084.825832  	4765.358776  
7850.919024  	4842.016492  	6256.992934  	3079.135426  	4750.722918  
7861.954219  	4817.644795  	6274.374636  	3074.047489  	4750.351728  
7895.402133  	4846.276768  	6303.114551  	3092.124851  	4772.813097  
7888.83372  	4972.792824  	6310.443788  	3088.895337  	4753.14621  
7862.844934  	4884.943409  	6290.71372  	3086.242849  	4755.739261  
7874.021214  	4883.358834  	6304.811563  	3079.454227  	4747.293193  
7852.664708  	4862.218361  	6295.331897  	3079.730417  	4752.000295  
7865.49747  	4869.728959  	6297.68504  	3079.012201  	4745.881451  
7884.619116  	4911.27208  	6321.134846  	3093.932466  	4750.812144  
7884.673727  	4861.514601  	6329.243913  	3076.870729  	4747.526602  
7875.503653  	4917.60236  	6326.822923  	3095.646521  	4748.315411  
7870.639964  	4889.672941  	6314.006006  	3099.067634  	4773.483995  
7860.178625  	4866.501129  	6300.366649  	3093.99745  	4733.534685  
7853.049023  	4890.44748  	6303.436172  	3075.398318  	4756.299363  
7874.758927  	4896.837779  	6320.076177  	3084.841284  	4758.162413  
7854.955867  	4765.329391  	6275.844033  	3079.87679  	4739.866259  
7868.438208  	4852.456471  	6284.589494  	3081.191348  	4754.07439  
7865.64107  	4805.34517  	6296.761477  	3088.230001  	4759.947131  
7873.546101  	4911.721276  	6312.593302  	3082.046982  	4746.141226  
7883.292033  	4920.049366  	6349.468197  	3094.70869  	4754.602563  
7824.459495  	4881.679257  	6310.309867  	3079.054186  	4742.438559  
7871.078529  	4878.938701  	6311.371949  	3094.457681  	4753.696774  
7883.29155  	4867.051845  	6328.136812  	3086.011402  	4764.058822  
7860.425096  	4754.435684  	6314.147782  	3092.637511  	4757.451281  
7877.946641  	4787.477978  	6306.550316  	3095.200701  	4755.187245  
7873.800028  	4772.90407  	6290.055413  	3087.468919  	4759.436449  
7864.634586  	4774.523438  	6297.416315  	3073.028749  	4729.494354  
7881.256906  	4827.272884  	6324.7252  	3101.784683  	4751.964047  
7887.166106  	4846.42485  	6318.529239  	3092.653826  	4749.869982  
7870.414371  	4825.45672  	6297.433653  	3089.469718  	4744.1137  
7882.796484  	4828.26337  	6310.423245  	3096.060906  	4757.219241  
7873.010219  	4824.279957  	6279.850315  	3080.180949  	4751.077894  
7872.801265  	4920.106707  	6305.991012  	3082.428672  	4750.544324  
7878.213937  	4915.468862  	6305.00612  	3088.225991  	4752.05603  
7892.550462  	4898.65761  	6314.942377  	3091.3083  	4747.180002  
7881.481715  	4894.313987  	6320.201119  	3089.66431  	4776.691665  
7887.699371  	4888.618904  	6327.082493  	3094.382785  	4772.335068  
7876.876363  	4892.189944  	6316.205435  	3094.419139  	4767.474782  
7876.484384  	4847.029837  	6296.428868  	3087.863819  	4763.185366  
7866.972895  	4864.849216  	6264.273484  	3083.947672  	4760.24441  
7862.098508  	4850.626572  	6263.974312  	3084.616596  	4750.93484  
7882.829691  	4902.666651  	6316.796714  	3093.585549  	4765.907606  
7886.394602  	4837.351814  	6319.262591  	3084.58391  	4762.734682  
7870.328044  	4862.993842  	6303.152011  	3089.925804  	4760.016288  
7874.205794  	4827.565118  	6289.603278  	3087.336581  	4753.331927  
7860.814895  	4829.247895  	6285.832927  	3081.026459  	4758.235603  
7865.195234  	4844.666442  	6256.507689  	3084.183182  	4763.629234  
7866.311262  	4863.017224  	6297.43516  	3085.928144  	4752.543092  
7900.468341  	4808.538293  	6321.22691  	3083.486564  	4756.24199  
7885.555035  	4858.738373  	6296.357379  	3084.764777  	4748.280332  
7875.844288  	4939.802037  	6322.624148  	3089.006567  	4753.972207  
7865.166673  	4823.293293  	6270.028836  	3079.239234  	4737.069297  
7847.863654  	4852.409349  	6292.627764  	3087.075198  	4741.082194  
7852.95994  	4806.907949  	6284.604621  	3079.724188  	4743.373707  
7898.32423  	4873.922431  	6320.728408  	3087.43866  	4752.056438  
7889.764217  	4874.733737  	6344.459399  	3104.707531  	4764.905318  
7875.105467  	4806.876009  	6288.097045  	3089.124784  	4773.498577  
7863.05835  	4938.708302  	6289.741904  	3094.35276  	4766.865958  
7868.491032  	4837.494791  	6292.000622  	3087.654634  	4771.921032  
7863.677843  	4887.513099  	6276.134231  	3083.494688  	4758.485769  
7879.503179  	4831.744171  	6285.334642  	3100.520266  	4751.580659  
7881.673762  	4834.526938  	6305.282768  	3097.538641  	4766.686694  
7876.277471  	4807.767282  	6290.273571  	3095.130379  	4752.306617  
7860.667501  	4890.011066  	6293.134327  	3084.634023  	4746.305706  
7864.352252  	4878.621487  	6311.178151  	3073.224176  	4721.955348  
7875.99056  	4914.112743  	6356.824486  	3079.509305  	4760.39266  
7875.575745  	4850.313706  	6317.800416  	3093.825781  	4747.863591  
7875.769873  	4839.684087  	6311.933388  	3079.512837  	4742.389028  
7887.125685  	4836.482517  	6310.180372  	3088.613862  	4752.709906  
7880.815476  	4874.138341  	6319.67295  	3076.7288  	4744.173152  
7867.219407  	4919.707532  	6316.253449  	3084.93629  	4752.591144  
7860.582838  	4933.62709  	6286.306099  	3097.703993  	4758.485437  
7867.980689  	4814.947602  	6284.734247  	3087.885438  	4774.700502  
7857.044309  	4774.547515  	6269.942218  	3086.918502  	4746.842258  
7841.788979  	4865.535094  	6285.589897  	3071.529194  	4768.384362  
7860.480023  	4815.135316  	6264.512394  	3081.058054  	4735.437416  
7858.619937  	4782.402132  	6294.532238  	3063.634487  	4743.062242  
7886.150516  	4770.222641  	6289.702002  	3081.902058  	4778.638681  
7881.362397  	4787.171035  	6267.979565  	3097.439873  	4759.418542  
7853.423076  	4700.415585  	6257.085816  	3077.684074  	4769.151869  
7862.856641  	4829.511123  	6304.047925  	3087.251662  	4759.727568  
7858.822721  	4834.069072  	6276.463924  	3084.615091  	4754.92762  
7893.759385  	4803.507038  	6304.640766  	3087.344802  	4772.721634  
7887.685283  	4743.727855  	6279.750438  	3092.618291  	4763.089113  
7867.943528  	4821.489308  	6295.99247  	3083.146166  	4756.339554  
7874.993423  	4881.270742  	6307.135384  	3087.803876  	4746.059207  
7861.611898  	4864.586919  	6301.38677  	3095.821596  	4749.214967  
7872.220567  	4895.538906  	6316.26589  	3086.162751  	4751.623631  
7875.454798  	4822.363132  	6278.673529  	3082.595192  	4742.650315  
7875.278386  	4823.894095  	6313.065902  	3083.903537  	4750.086359  
7880.972981  	4768.043592  	6293.157656  	3086.423157  	4766.557906  
7883.715429  	4898.470297  	6324.002001  	3084.273397  	4749.885262  
7866.942447  	4786.810784  	6287.495978  	3085.808395  	4763.770184  
7856.561767  	4931.452834  	6276.590414  	3072.446043  	4738.290089  
7870.038654  	4914.356169  	6322.149474  	3082.901628  	4758.685391  
7854.553641  	4941.494935  	6289.832569  	3080.989762  	4776.113464  
7833.980857  	4943.506931  	6277.00539  	3079.106038  	4738.458893  
7840.278486  	4823.395082  	6291.165051  	3075.190531  	4750.343021  
7869.196987  	4990.166626  	6326.802707  	3071.797931  	4749.390809  
7853.311791  	4817.929329  	6301.602387  	3080.676032  	4745.655824  
7860.605602  	4876.919145  	6290.192145  	3079.316689  	4725.233231  
7854.803199  	4903.431237  	6300.065203  	3090.451012  	4754.02636  
7871.580657  	4828.902224  	6274.585753  	3084.487004  	4748.19479  
7876.605083  	4806.09243  	6310.804154  	3084.340427  	4766.815543  
7879.730268  	4840.165136  	6327.000318  	3090.697577  	4769.271652  
7890.412472  	4856.66562  	6327.348055  	3090.08207  	4749.885453  
7867.251472  	4840.22506  	6319.063018  	3100.89351  	4748.069258  
7860.5639  	4783.322667  	6291.677878  	3084.257646  	4741.427357  
7841.895173  	4895.727933  	6292.635427  	3077.729552  	4747.909149  
7852.743683  	4852.543228  	6290.215196  	3074.113106  	4738.923169  
7853.390128  	4881.940355  	6279.740068  	3092.000434  	4752.660993  
7833.489471  	4830.414436  	6264.831945  	3078.521886  	4766.690769  
7853.230947  	4854.884267  	6276.165296  	3072.447725  	4749.610807  
7867.200973  	4888.692707  	6314.168362  	3081.493555  	4755.415005  
7835.281275  	4867.344906  	6275.194251  	3075.60027  	4728.716818  
7837.537354  	4794.459948  	6274.408287  	3063.229101  	4735.564427  
7840.770699  	4852.051449  	6262.519795  	3069.44178  	4742.557632  
7861.973406  	4845.031422  	6257.811381  	3083.704637  	4775.284555  
7872.607276  	4807.502601  	6287.973571  	3085.82804  	4747.377261  
7861.021811  	4846.493082  	6304.934508  	3082.921565  	4753.892469  
7844.474477  	4890.584483  	6313.896296  	3082.009559  	4744.672231  
7832.390499  	4906.739609  	6312.588465  	3084.486787  	4723.348756  
7862.863202  	4909.249091  	6304.192323  	3067.881229  	4726.99545  
7845.310729  	4942.86074  	6306.380284  	3076.08913  	4737.574701  
7849.135417  	4862.98655  	6319.00413  	3065.205387  	4745.002889  
7879.21366  	4893.935938  	6323.532331  	3074.41992  	4743.154884  
7876.346032  	4733.202462  	6273.315018  	3082.991469  	4756.417786  
7888.593812  	4896.230546  	6291.563731  	3091.879259  	4762.93112  
7897.742801  	4802.210444  	6309.031735  	3099.965227  	4767.884959  
7882.299717  	4961.023492  	6312.210259  	3092.683052  	4728.132644  
7878.69916  	4886.631632  	6320.125757  	3084.718336  	4745.002126  
7879.163468  	4810.068768  	6294.116888  	3085.465854  	4752.288941  
7892.423882  	4805.749841  	6272.538858  	3101.811988  	4761.372802  
7870.932581  	4850.363007  	6304.271848  	3094.123981  	4755.067717  
7846.972313  	4817.141656  	6295.666836  	3082.075146  	4755.706006  
7848.116687  	4849.180527  	6307.598573  	3081.382657  	4755.42715  
7863.249032  	4864.571199  	6329.793306  	3074.463993  	4749.344755  
7863.770993  	4821.885653  	6303.327225  	3074.882321  	4755.009165  
7870.753697  	4844.059401  	6283.758465  	3078.942313  	4749.06499  
7859.824301  	4815.373104  	6261.286398  	3085.620068  	4755.26765  
7856.772623  	4847.837517  	6266.893029  	3078.40235  	4748.042836  
7866.905753  	4807.674279  	6271.277991  	3087.172804  	4748.694856  
7867.032444  	4758.496365  	6265.811856  	3077.436456  	4754.007922  
7891.279248  	4823.162969  	6297.965726  	3079.032362  	4754.738222  
7882.570819  	4806.523851  	6303.806927  	3085.436111  	4731.627013  
7872.364913  	4856.586364  	6319.076011  	3087.689153  	4753.071108  
7884.225575  	4917.908298  	6325.218225  	3090.36355  	4741.546206  
7863.628714  	4867.991572  	6312.734917  	3085.972553  	4760.575124  
7886.955552  	4722.934142  	6287.716887  	3088.6889  	4744.218695  
7927.443525  	4774.703656  	6319.501035  	3094.757526  	4767.886457  
7900.383752  	4803.160612  	6312.250172  	3090.137116  	4752.475961  
7855.933217  	4899.674678  	6311.178575  	3089.207941  	4752.06672  
7851.430259  	4898.18125  	6292.604463  	3086.216457  	4763.772712  
7825.45707  	4875.195477  	6269.490639  	3072.638885  	4744.789371  
7834.398055  	4983.018714  	6293.582626  	3083.283553  	4750.978118  
7826.107426  	4808.39703  	6271.406556  	3070.381827  	4745.435971  
7873.132801  	4723.902563  	6281.847654  	3091.132497  	4755.950574  
7891.444074  	4838.73356  	6315.847443  	3091.704538  	4761.33954  
7871.901059  	4779.789354  	6286.053677  	3071.658586  	4753.632965  
7864.695582  	4767.485939  	6287.953648  	3083.491079  	4739.85629  
7868.71702  	4834.290468  	6298.829414  	3088.49581  	4754.049762  
7865.876412  	4866.112668  	6269.21413  	3078.54161  	4744.002719  
7852.33125  	4781.937154  	6286.048136  	3090.154936  	4738.10282  
7863.489228  	4888.441065  	6305.987123  	3087.742462  	4743.443801  
7851.173721  	4926.341471  	6308.658159  	3082.758975  	4757.830549  
7860.852815  	4844.685465  	6300.6662  	3083.615976  	4749.411523  
7835.440586  	4772.719445  	6260.449575  	3084.288011  	4750.810095  
7841.407223  	4902.46167  	6279.199557  	3078.526598  	4744.747232  
7848.587068  	4814.97166  	6275.088909  	3084.260082  	4749.098141  
7849.966706  	4830.65545  	6267.3693  	3087.329913  	4746.461287  
7821.241548  	4747.346391  	6243.426615  	3066.851569  	4746.305333  
7869.091156  	4818.690671  	6268.782702  	3076.46295  	4754.534315  
7890.901849  	4749.669391  	6305.055436  	3087.431169  	4768.078184  
7898.186621  	4789.262227  	6306.190515  	3094.119311  	4757.541825  
7888.121869  	4883.928551  	6308.335849  	3088.099314  	4757.083794  
7878.929726  	4798.683885  	6286.653663  	3091.718507  	4771.695563  
7863.933568  	4913.877175  	6305.908927  	3091.867536  	4740.95848  
7882.697117  	4866.849109  	6321.533497  	3084.247683  	4744.555865  
7865.162018  	4878.574886  	6314.852625  	3095.367439  	4769.945288  
7852.335963  	4860.809374  	6306.236357  	3077.965408  	4766.639464  
7866.832473  	4769.755386  	6298.058444  	3093.741654  	4758.739467  
7846.902954  	4853.502573  	6290.811386  	3088.025599  	4761.181889  
7873.864217  	4795.397817  	6313.598198  	3080.64414  	4769.755584  
7898.514321  	4869.099129  	6311.967817  	3099.432689  	4770.334439  
7913.295531  	4848.405331  	6327.901445  	3100.386696  	4777.127813  
7893.744121  	4787.281746  	6299.854872  	3098.935334  	4763.657259  
7892.15176  	4910.491485  	6308.203853  	3097.905506  	4766.231772  
7883.054569  	4816.640361  	6323.316732  	3095.967455  	4780.27287  
7894.650821  	4934.763732  	6333.720437  	3095.881736  	4755.060716  
7901.080723  	4886.44687  	6335.06938  	3077.680091  	4758.514125  
7899.227534  	4894.177288  	6335.446691  	3093.429247  	4764.82901  
7886.674705  	4837.845561  	6317.449392  	3076.822717  	4746.601699  
7882.952909  	4795.059164  	6319.37323  	3083.56594  	4751.54165  
7900.335255  	4868.46882  	6320.023555  	3081.261661  	4747.052679  
7901.399521  	4769.282127  	6282.364556  	3082.226416  	4755.707096  
7908.109036  	4775.761457  	6323.894087  	3098.894903  	4767.551995  
7916.242896  	4984.603835  	6349.807518  	3102.437732  	4766.523773  
7901.840812  	4797.679877  	6319.69575  	3100.652487  	4756.041432  
7885.278428  	4883.755259  	6314.720739  	3090.449465  	4760.401767  
7878.25164  	4863.474674  	6302.657576  	3086.639968  	4752.429145  
7879.376185  	4741.234858  	6253.825827  	3090.974585  	4771.937795  
7872.833037  	4798.200126  	6291.142344  	3090.952622  	4761.531624  
7888.465541  	4766.019975  	6299.777012  	3094.265832  	4757.325825  
7924.862324  	4730.71236  	6329.879508  	3100.975875  	4774.497935  
7926.219346  	4937.328646  	6343.148331  	3101.744431  	4773.012679  
7906.156126  	4787.986727  	6295.4836  	3101.805262  	4763.737141  
7918.204393  	4961.844709  	6319.699527  	3098.388232  	4759.102859  
7869.433853  	4869.713885  	6299.163131  	3080.829352  	4755.049848  
7835.307784  	4794.313985  	6278.240579  	3072.679621  	4742.704172  
7856.969505  	4773.381664  	6288.090494  	3072.180516  	4746.20178  
7882.990954  	4903.786479  	6325.767543  	3088.16159  	4751.756278  
7870.70702  	4865.920642  	6281.600091  	3085.102567  	4761.082149  
7855.024192  	4818.686626  	6291.618688  	3093.53649  	4771.371168  
7828.620658  	4837.707674  	6252.472633  	3077.76516  	4762.252423  
7852.616588  	4842.333279  	6274.051781  	3084.03655  	4742.853841  
7863.960353  	4768.2622  	6298.907943  	3078.246219  	4758.808746  
7897.575386  	4784.870982  	6288.607897  	3095.684647  	4759.771148  
7917.366153  	4764.892872  	6331.062888  	3098.132483  	4769.774414  
7903.858904  	4948.905819  	6345.531066  	3094.773478  	4756.311848  
7910.914105  	4931.806085  	6334.412237  	3085.5334  	4749.218616  
7886.237478  	4797.358102  	6291.086984  	3100.211632  	4764.34742  
7861.910226  	4941.59026  	6320.753916  	3092.080618  	4742.687266  
7854.062686  	4905.387566  	6302.528673  	3083.755672  	4754.376121  
7871.970017  	4820.842871  	6298.173827  	3084.861749  	4759.667138  
7853.854289  	4830.215183  	6273.877572  	3078.371855  	4740.315071  
7846.702043  	4989.162007  	6323.010544  	3081.657453  	4747.705324  
7877.330165  	4810.912376  	6303.19493  	3081.609316  	4749.602097  
7890.663435  	4792.153482  	6319.52454  	3091.569656  	4753.379709  
7894.007166  	4903.757628  	6307.14842  	3101.378859  	4776.786621  
7870.68355  	4899.504556  	6288.098197  	3082.583429  	4764.909814  
7904.802323  	4783.498772  	6314.164272  	3095.245645  	4749.2756  
7871.035474  	4851.538225  	6298.942715  	3084.483369  	4751.414356  
7857.753473  	4974.845118  	6310.518124  	3074.285084  	4751.942343  
7897.343877  	4783.554947  	6288.865932  	3091.192341  	4765.514614  
7868.592953  	4777.666825  	6266.14052  	3083.362888  	4765.103132  
7860.423366  	4852.578063  	6294.62174  	3092.479862  	4772.797344  
7885.872939  	4806.523567  	6281.39478  	3096.941261  	4767.816486  
7901.776101  	4857.117927  	6321.443292  	3091.72749  	4773.138393  
7878.152048  	4812.323369  	6279.109541  	3088.269983  	4742.673423  
7861.792749  	4834.037022  	6289.408854  	3089.558126  	4748.143248  
7855.125502  	4892.674429  	6325.412299  	3079.554437  	4749.104867  
7861.48702  	4885.839453  	6318.253565  	3080.52099  	4745.571055  
7843.098215  	4868.354769  	6297.929212  	3078.619265  	4756.296514  
7840.116663  	4884.047528  	6283.489451  	3082.435837  	4745.811397  
7840.143892  	4894.333827  	6259.414043  	3069.386306  	4748.04206  
7846.553708  	4961.81026  	6326.034695  	3068.727772  	4734.02526  
7846.47242  	4807.590193  	6296.013786  	3077.179479  	4742.31563  
7841.853556  	4969.341187  	6308.95535  	3081.962419  	4750.031808  
7854.286543  	4851.153983  	6280.968368  	3072.793938  	4735.142943  
7858.10306  	4917.633973  	6298.425728  	3079.185198  	4743.208162  
7895.495428  	4865.45041  	6311.541625  	3086.565948  	4742.782686  
7860.445763  	4943.515802  	6318.143613  	3080.170515  	4761.840645  
7840.639737  	4804.908387  	6266.256191  	3080.618262  	4747.804544  
7846.096934  	4906.761938  	6276.414323  	3070.571166  	4747.210213  
7843.599222  	4882.0546  	6312.927376  	3075.596828  	4741.508824  
7851.937303  	4693.770916  	6263.761154  	3073.057134  	4752.445479  
7821.28895  	4806.429281  	6282.335393  	3074.958708  	4737.588781  
7867.205259  	4689.561239  	6257.247253  	3080.535563  	4764.539237  
7893.51025  	4711.117334  	6268.226883  	3102.544642  	4786.412459  
7918.000581  	4808.749532  	6307.185577  	3107.515878  	4775.637731  
7880.378541  	4699.459373  	6259.201356  	3106.402306  	4764.235411  
7884.896888  	4845.977821  	6300.128898  	3093.008581  	4752.020801  
7874.598508  	4872.051743  	6326.988673  	3090.180547  	4742.100523  
7856.753018  	4896.389855  	6318.215151  	3086.642973  	4749.027466  
7826.832838  	4791.555604  	6264.142726  	3071.234221  	4732.574028  
7818.406673  	4818.2991  	6260.840421  	3071.224892  	4754.829097  
7814.117482  	4841.658158  	6256.649992  	3060.352799  	4740.807246  
7826.626999  	4824.137593  	6264.474031  	3070.405913  	4726.835344  
7870.281585  	4844.254193  	6330.34595  	3081.311528  	4773.375803  
7848.783797  	4843.599657  	6294.591753  	3086.385991  	4763.176415  
7850.315444  	4842.053955  	6289.673231  	3081.412541  	4758.917061  
7853.262276  	4909.634721  	6302.26488  	3087.648897  	4767.300168  
7835.079175  	4813.104251  	6257.157348  	3077.630405  	4751.071132  
7860.527845  	4867.50713  	6282.588267  	3079.086493  	4741.602108  
7866.786634  	4868.414431  	6280.9421  	3090.125127  	4752.162044  
7858.065325  	4829.257538  	6299.7091  	3075.981173  	4744.960397  
7857.275762  	4891.945694  	6308.424918  	3079.228694  	4737.323307  
7850.039612  	4843.702555  	6277.708865  	3086.820927  	4750.907287  
7857.667916  	4861.703606  	6283.187381  	3084.258083  	4756.46298  
7854.519551  	4860.597195  	6289.885964  	3086.043459  	4748.788769  
7855.233803  	4891.898029  	6303.913346  	3087.965202  	4769.202585  
7866.035485  	4838.081227  	6312.849754  	3080.180308  	4768.510704  
7858.693087  	4935.048452  	6301.129254  	3075.427803  	4731.194301  
7864.445501  	4781.335915  	6305.388569  	3093.794743  	4751.828481  
7883.327268  	4861.857173  	6331.576544  	3094.401181  	4759.774084  
7883.94605  	4752.318526  	6273.454971  	3092.431406  	4764.938422  
7851.936111  	4816.172348  	6278.59532  	3087.346796  	4759.831437  
7845.646011  	4830.093992  	6261.670061  	3073.00814  	4748.476515  
7830.90922  	4837.292717  	6282.713955  	3070.875457  	4743.028486  
7816.509029  	5011.628969  	6314.114925  	3072.035932  	4735.904622  
7837.580502  	4927.817607  	6284.499077  	3088.653265  	4750.256167  
7817.254954  	4966.651527  	6298.226143  	3068.126903  	4736.425622  
7834.568568  	4746.246298  	6261.931595  	3077.154522  	4757.521313  
7874.846481  	4797.801474  	6286.652801  	3077.641084  	4767.339558  
7883.215813  	4720.778873  	6269.651743  	3103.924465  	4772.411168  
7894.004765  	4826.371844  	6294.773202  	3092.597203  	4756.352039  
7903.020783  	4626.637307  	6256.920079  	3091.930341  	4743.298214  
7914.656224  	4774.781609  	6295.193016  	3095.120544  	4769.322631  
7939.412146  	4852.127165  	6346.206612  	3106.132689  	4787.903823  
7912.610554  	4836.526806  	6309.738056  	3104.143172  	4749.80536  
7915.288625  	4898.447936  	6323.229996  	3100.002296  	4768.931696  
7907.107719  	4951.714002  	6346.159872  	3092.726656  	4748.017085  
7918.419415  	4966.801227  	6357.130784  	3095.83158  	4768.99151  
7895.270374  	4929.948384  	6335.763679  	3084.124672  	4748.407373  
7880.381177  	4915.799772  	6351.165766  	3086.396278  	4756.592875  
7872.512759  	4950.700233  	6341.664949  	3076.180999  	4754.36391  
7852.407798  	4968.180283  	6342.008121  	3073.203421  	4755.395396  
7863.238303  	4936.724076  	6317.804177  	3082.246397  	4764.938846  
7823.798701  	4919.243309  	6290.028585  	3079.533994  	4773.981433  
7818.388511  	4946.487658  	6298.237661  	3077.698297  	4743.791914  
7838.997901  	4872.45386  	6299.369459  	3083.814825  	4754.669489  
7837.2805  	4982.273672  	6330.125595  	3075.69863  	4747.247963  
7833.446285  	4927.919959  	6316.828925  	3077.788459  	4749.947371  
7857.903094  	4908.064493  	6310.607263  	3077.826486  	4749.807591  
7866.2564  	4867.720878  	6300.896869  	3080.031878  	4747.58149  
7859.555393  	4913.223062  	6304.330503  	3087.068287  	4741.487858  
7864.092731  	4880.720175  	6300.882768  	3075.803398  	4758.125313  
7878.957754  	4914.738316  	6301.423678  	3083.341547  	4763.6651  
7855.582833  	4848.488214  	6283.594343  	3082.202777  	4740.689413  
7856.221363  	4897.792906  	6294.835215  	3087.82228  	4743.350416  
7853.734644  	4888.626918  	6283.236263  	3094.235343  	4759.491407  
7853.151716  	4845.493712  	6272.731204  	3082.552628  	4740.748886  
7860.37651  	4836.866928  	6294.754237  	3084.550089  	4748.987614  
7862.760282  	4885.130309  	6282.91056  	3073.747419  	4747.881799  
7889.770074  	4805.65983  	6296.298691  	3086.210748  	4756.985759  
7888.645117  	4802.341097  	6309.327581  	3089.582799  	4746.159978  
7915.240813  	4759.299296  	6314.787713  	3100.354268  	4759.206361  
7889.915325  	4819.534434  	6305.0874  	3094.149293  	4756.374717  
7889.690191  	4896.620224  	6329.490354  	3091.240084  	4757.517684  
7883.432293  	4861.513956  	6311.386255  	3092.770182  	4762.651666  
7875.221862  	4901.113207  	6298.504381  	3095.401994  	4756.119604  
7901.104064  	4904.389018  	6307.189705  	3092.71614  	4745.926692  
7874.439561  	4900.417595  	6303.67498  	3079.617761  	4747.923681  
7875.819799  	4919.605177  	6294.531921  	3091.769313  	4752.604033  
7864.670838  	4841.698531  	6259.758541  	3081.385188  	4746.983835  
7859.716335  	4919.195616  	6311.269128  	3080.936186  	4736.171766  
7862.031753  	4882.734883  	6298.759484  	3087.71998  	4751.80466  
7861.00388  	4882.60312  	6305.189208  	3083.697694  	4753.258767  
7835.40103  	4901.008034  	6271.149249  	3077.681748  	4746.851631  
7861.036378  	4708.266995  	6252.168478  	3068.539677  	4739.947358  
7886.565574  	4656.555365  	6274.817522  	3082.622524  	4759.348406  
7925.592918  	4597.245117  	6274.809173  	3109.233692  	4782.499661  
7896.44425  	4648.494636  	6259.474086  	3091.563036  	4768.063581  
7887.530025  	4761.755635  	6287.361626  	3095.328999  	4746.334849  
7862.709272  	4656.263801  	6255.888735  	3091.529558  	4757.353775  
7879.406339  	4874.179217  	6331.977787  	3091.803337  	4759.104375  
7894.957632  	4761.348947  	6326.083685  	3095.526975  	4760.183409  
7919.191265  	4893.4119  	6338.6833  	3093.061274  	4766.897559  
7915.50088  	4849.511676  	6325.936337  	3112.951492  	4770.718308  
7890.577194  	4934.05906  	6296.384967  	3097.103867  	4761.472937  
7868.008655  	4900.396567  	6306.175994  	3088.633235  	4767.210148  
7861.616627  	4894.510849  	6315.815552  	3081.221438  	4751.444463  
7868.349873  	4764.804257  	6272.729426  	3094.45835  	4748.079056  
7868.714429  	4790.31815  	6274.586604  	3079.178452  	4752.364895  
7904.645836  	4776.753199  	6290.881298  	3092.776471  	4759.48826  
7929.26711  	4876.356687  	6336.423465  	3104.616497  	4770.646245  
7909.104974  	4869.781823  	6323.75215  	3099.602643  	4762.371649  
7904.498241  	4796.087828  	6285.323787  	3092.312577  	4763.134518  
7878.318365  	4942.410662  	6309.624831  	3086.812363  	4752.287927  
7841.678726  	4962.59442  	6287.523012  	3071.845203  	4731.257259  
7842.14677  	4875.810995  	6286.087662  	3077.304785  	4735.238238  
7846.55176  	4827.201391  	6297.011106  	3078.553991  	4757.096838  
7845.698741  	4841.14349  	6298.144239  	3080.412882  	4733.646166  
7870.721826  	4840.865785  	6314.69654  	3098.295193  	4762.382607  
7891.91654  	4866.630461  	6317.036973  	3093.51367  	4749.667343  
7888.256059  	4868.743757  	6331.898355  	3093.322983  	4772.329401  
7922.840522  	4813.264559  	6311.097148  	3102.217436  	4780.344638  
7915.377047  	4866.341441  	6350.711865  	3110.373311  	4777.195256  
7906.222911  	4822.816518  	6320.73662  	3106.974632  	4788.528285  
7892.725718  	4897.93976  	6330.392049  	3086.917376  	4764.779891  
7884.794421  	4917.050211  	6326.889755  	3096.599719  	4763.060942  
7883.697641  	4987.681125  	6329.701117  	3087.356692  	4760.729446  
7866.175415  	4877.833743  	6313.312995  	3092.973209  	4755.760707  
7863.657699  	4895.705816  	6281.524183  	3082.761083  	4757.71556  
7857.433171  	4929.211376  	6335.608177  	3071.557255  	4740.931699  
7845.05979  	4872.332908  	6295.321705  	3076.354096  	4739.28599  
7857.522689  	4888.124706  	6316.314844  	3083.179859  	4754.127791  
7872.146182  	4844.383022  	6313.200855  	3089.359494  	4757.462189  
7849.963943  	4826.083192  	6291.457155  	3079.444998  	4754.90392  
7831.98429  	4819.963202  	6262.751148  	3083.136045  	4741.885998  
7808.013848  	4866.945963  	6244.536529  	3070.535691  	4752.983582  
7824.127898  	4907.230005  	6282.045837  	3073.661473  	4758.181103  
7817.696153  	4859.305335  	6277.835137  	3067.982374  	4753.307507  
7804.271772  	4937.445487  	6262.233621  	3068.570322  	4729.673394  
7806.988464  	4856.066267  	6241.953396  	3060.210392  	4753.323966  
7829.553014  	4839.756019  	6277.785328  	3073.538645  	4754.365299  
7853.031462  	4789.248832  	6272.889246  	3083.138657  	4748.903293  
7844.841583  	4815.282628  	6269.03483  	3080.562928  	4762.372128  
7852.281876  	4822.856271  	6271.394797  	3085.549591  	4756.231642  
7867.853353  	4875.422819  	6302.089685  	3088.103886  	4763.504596  
7862.684663  	4854.058203  	6279.262564  	3079.304087  	4754.302251  
7858.531751  	4892.700001  	6296.535019  	3068.713798  	4738.806403  
7850.979038  	4802.348468  	6286.532461  	3074.185696  	4756.170216  
7844.526949  	4851.045737  	6283.718211  	3082.092322  	4735.204952  
7844.428519  	4863.676867  	6274.965033  	3076.159694  	4728.28976  
7857.124981  	4862.331986  	6274.66715  	3078.738351  	4739.908578  
7870.990946  	4758.913375  	6265.459595  	3077.075337  	4753.080052  
7924.549702  	4667.858294  	6288.62115  	3097.581807  	4761.116576  
7932.051078  	4608.944528  	6292.406057  	3112.605896  	4771.124069  
7907.349403  	4806.936003  	6295.752706  	3102.367738  	4774.85971  
7884.889511  	4776.299424  	6269.941874  	3088.725116  	4767.792348  
7876.655841  	4842.775144  	6311.936743  	3101.016437  	4761.941164  
7874.899321  	4885.116345  	6316.766109  	3081.185033  	4749.904451  
7853.188756  	4836.195748  	6288.563349  	3066.803563  	4726.277742  
7854.027393  	4879.844288  	6290.479939  	3076.741797  	4747.099039  
7842.480701  	4912.664065  	6301.12995  	3076.456525  	4739.849921  
7842.830323  	4806.030642  	6283.086086  	3072.214875  	4747.516621  
7836.75588  	4844.819408  	6292.906741  	3065.62993  	4737.86798  
7856.820287  	4840.29203  	6277.657951  	3082.516619  	4756.409698  
7858.00002  	4752.147072  	6282.195423  	3079.783448  	4748.273239  
7875.588867  	4764.62229  	6285.500346  	3077.516687  	4748.633011  
7893.961432  	4694.721353  	6272.522664  	3092.360842  	4757.225914  
7912.298164  	4701.383191  	6293.269287  	3096.799725  	4771.417876  
7913.992495  	4758.546437  	6294.799209  	3095.396214  	4772.73815  
7880.043041  	4955.789591  	6307.602393  	3095.075792  	4764.712851  
7857.31084  	4879.350691  	6321.892183  	3089.254939  	4751.703872  
7855.751517  	4905.572575  	6305.345962  	3089.552308  	4758.936143  
7856.652312  	4824.014457  	6327.165385  	3084.946702  	4756.225577  
7856.626632  	4970.711483  	6331.372616  	3078.888555  	4735.544882  
7891.770932  	4879.40567  	6318.725211  	3087.576782  	4756.480367  
7874.132958  	4871.949376  	6309.344894  	3086.879935  	4744.443862  
7871.049862  	4985.183977  	6313.732251  	3086.116001  	4751.89062  
7871.046752  	4919.484607  	6316.894904  	3083.651847  	4745.972534  
7884.348782  	4881.27854  	6316.364039  	3094.35116  	4763.951152  
7891.322968  	4828.650729  	6309.196002  	3096.975659  	4763.087292  
7906.117325  	4820.236333  	6301.338893  	3091.369584  	4770.15166  
7861.298689  	4997.663524  	6322.380917  	3093.345147  	4751.180621  
