6762.776187  	4173.370558  	5285.121483  	2804.727321  	5520.245135  
6748.538799  	4193.260017  	5289.563511  	2792.690079  	5513.209815  
6744.888836  	4188.848364  	5275.369046  	2802.232007  	5521.725685  
6743.898824  	4179.250999  	5271.128735  	2809.012047  	5517.949597  
6750.11351  	4202.229133  	5274.807431  	2806.966788  	5536.015712  
6749.661637  	4171.449189  	5281.871056  	2803.885924  	5526.848455  
6753.472201  	4202.667211  	5271.607273  	2807.470331  	5507.887432  
6753.806433  	4180.90836  	5272.027262  	2807.648698  	5523.023998  
6754.709329  	4175.423063  	5266.000143  	2798.856849  	5506.331802  
6742.094726  	4196.238921  	5280.062246  	2799.354973  	5512.43558  
6757.650096  	4223.791726  	5279.298697  	2803.679676  	5528.598078  
6750.590408  	4200.212617  	5265.717544  	2799.557073  	5499.023438  
6753.587344  	4201.08297  	5257.526448  	2804.923045  	5527.911992  
6747.313661  	4153.192926  	5274.306694  	2789.996462  	5521.259853  
6745.933083  	4181.182904  	5284.243853  	2793.475651  	5492.940873  
6747.338717  	4188.270647  	5268.979091  	2804.496728  	5511.335522  
6745.91353  	4179.792899  	5252.783096  	2804.132424  	5534.562259  
6740.714901  	4215.791566  	5294.625772  	2801.007681  	5524.269352  
6733.650623  	4221.236067  	5266.419349  	2808.373067  	5517.810037  
6745.061092  	4215.064371  	5248.490406  	2809.328593  	5527.91007  
6752.596269  	4182.905276  	5270.078328  	2808.879337  	5519.522606  
6753.282247  	4176.770852  	5266.176101  	2799.728725  	5498.644066  
6748.991157  	4191.356136  	5266.849708  	2806.041816  	5519.37893  
6747.493587  	4239.621829  	5268.56365  	2815.729221  	5524.658153  
6744.340125  	4198.312283  	5276.033322  	2806.89435  	5531.109396  
6745.199399  	4238.394581  	5272.046845  	2805.498816  	5523.076178  
6751.457839  	4246.500635  	5280.142428  	2800.966106  	5529.744998  
6755.012223  	4235.880969  	5282.305938  	2803.37675  	5508.405365  
6759.013469  	4168.207813  	5277.53984  	2803.552938  	5517.873195  
6753.017849  	4181.23805  	5282.202546  	2801.551789  	5521.178073  
6748.762191  	4205.287388  	5292.992579  	2799.738766  	5525.904643  
6741.957157  	4189.0709  	5279.841773  	2808.580694  	5520.656737  
6740.013432  	4223.314747  	5260.00493  	2807.051418  	5509.092395  
6737.653982  	4209.855666  	5268.772377  	2801.195194  	5514.832397  
6732.262747  	4230.148276  	5280.934222  	2793.96314  	5506.89464  
6736.45942  	4191.033527  	5271.889626  	2792.223663  	5501.987293  
6750.788357  	4238.063399  	5276.151364  	2799.73707  	5511.236523  
6756.459535  	4190.25078  	5268.910549  	2796.926279  	5524.531398  
6757.524357  	4179.18317  	5283.072997  	2800.549873  	5524.588111  
6745.792628  	4162.514419  	5285.54534  	2806.155949  	5525.95983  
6753.849571  	4192.104383  	5284.204629  	2804.819301  	5518.517825  
6747.043819  	4207.72096  	5275.994131  	2795.864205  	5501.223503  
6750.435209  	4220.710011  	5285.183683  	2804.407552  	5515.61959  
6750.005315  	4206.162879  	5285.099456  	2803.127118  	5526.848622  
6753.804689  	4203.273913  	5293.887057  	2815.201435  	5533.152532  
6773.688292  	4190.932831  	5285.217176  	2810.354524  	5516.576924  
6739.949683  	4196.312966  	5279.065672  	2797.563123  	5529.912914  
6740.389179  	4215.756624  	5277.296898  	2810.317285  	5521.27675  
6752.322658  	4167.17482  	5272.71275  	2796.095945  	5516.217133  
6744.905888  	4206.994761  	5268.319754  	2801.692102  	5531.044926  
6744.312892  	4241.606565  	5262.324307  	2811.030619  	5537.465786  
6746.602331  	4178.046691  	5266.942372  	2803.902436  	5508.993832  
6743.90603  	4227.152172  	5274.52782  	2804.902433  	5509.401111  
6748.622669  	4205.323992  	5273.566432  	2808.601901  	5507.606192  
6743.627063  	4237.442423  	5283.881112  	2816.671454  	5530.49745  
6757.895561  	4162.116642  	5256.293442  	2798.142287  	5515.059576  
6749.881715  	4197.339904  	5282.121322  	2811.152899  	5526.037857  
6751.466756  	4199.361184  	5257.541337  	2811.086926  	5525.098657  
6743.948804  	4219.850972  	5281.229202  	2806.164866  	5527.126298  
6752.937044  	4234.477561  	5281.282878  	2808.886407  	5511.977738  
6752.002648  	4201.233379  	5280.230721  	2802.231303  	5528.830967  
6745.527975  	4192.630458  	5285.826299  	2792.201076  	5509.143864  
6747.193912  	4182.072146  	5266.24168  	2791.511292  	5503.0636  
6742.617673  	4217.252581  	5276.153393  	2793.493307  	5515.737021  
6750.936685  	4238.538903  	5273.645204  	2805.631877  	5523.247724  
6743.922177  	4196.183741  	5274.083972  	2806.547304  	5524.250344  
6732.746627  	4233.835541  	5269.212292  	2804.615639  	5524.785449  
6738.474295  	4185.346602  	5286.062226  	2800.500818  	5510.286864  
6754.233472  	4201.965382  	5270.502527  	2801.13433  	5523.791374  
6743.474875  	4172.47739  	5270.366017  	2789.98408  	5502.464262  
6738.455108  	4221.807615  	5276.62352  	2794.510396  	5508.009443  
6759.103061  	4202.458244  	5274.782917  	2804.576946  	5520.14314  
6755.679285  	4247.90416  	5284.632048  	2805.730374  	5508.700631  
6747.258022  	4165.167974  	5285.790796  	2796.355981  	5520.187556  
6737.653379  	4178.368782  	5272.770028  	2802.815088  	5519.698765  
6729.014539  	4239.74361  	5256.740977  	2815.754944  	5528.533963  
6737.080742  	4254.082079  	5273.040862  	2816.009682  	5530.64303  
6745.276006  	4188.012035  	5264.98509  	2806.652977  	5519.460097  
6752.698584  	4210.695056  	5276.220808  	2811.436103  	5508.072871  
6755.586381  	4151.576234  	5269.155691  	2806.820987  	5512.010671  
6760.036786  	4186.455825  	5260.992359  	2800.874049  	5512.781759  
6753.991377  	4190.213257  	5271.707537  	2794.475986  	5514.643431  
6751.024424  	4194.167814  	5264.444431  	2795.663158  	5524.146646  
6752.68072  	4188.135244  	5264.058296  	2797.151176  	5523.416002  
6746.097251  	4189.115566  	5260.436586  	2813.639445  	5533.656396  
6738.766118  	4239.429426  	5292.873351  	2808.436941  	5522.729876  
6741.022874  	4211.297219  	5269.455523  	2814.107409  	5522.165057  
6739.50347  	4190.622412  	5271.997301  	2795.103453  	5524.805417  
6738.447022  	4217.37284  	5273.679976  	2803.579282  	5525.05949  
6737.227059  	4226.574807  	5293.911445  	2805.071797  	5515.326883  
6743.312885  	4210.526666  	5270.658677  	2802.205624  	5530.438718  
6751.001339  	4219.173385  	5285.50574  	2802.111947  	5530.88114  
6749.734305  	4218.17316  	5273.643738  	2809.183511  	5519.505223  
6739.219697  	4230.865516  	5296.39772  	2804.359968  	5516.098511  
6746.615345  	4204.062216  	5278.070346  	2809.765909  	5519.57364  
6750.386709  	4171.84519  	5304.900472  	2804.035273  	5534.751851  
6749.666447  	4183.115105  	5287.582834  	2808.441962  	5522.376572  
6753.903625  	4193.793669  	5265.953876  	2796.325072  	5525.279788  
6741.564987  	4191.966872  	5284.302947  	2795.257315  	5515.482802  
6740.583118  	4215.164576  	5262.286026  	2797.040866  	5513.820545  
6741.249609  	4205.676845  	5262.785128  	2805.592388  	5503.49454  
6741.119291  	4192.537433  	5258.506124  	2809.419474  	5526.799707  
6750.586803  	4224.300492  	5271.330109  	2796.353504  	5523.944306  
6733.553416  	4204.445183  	5274.710981  	2798.937873  	5500.657909  
6742.061459  	4171.542333  	5278.648276  	2800.437465  	5522.527942  
6748.04157  	4175.150366  	5281.103999  	2809.95324  	5521.902464  
6753.270348  	4191.042301  	5269.13466  	2815.791798  	5533.561193  
6758.523938  	4180.476411  	5261.517717  	2809.361898  	5510.913933  
6773.512386  	4185.561474  	5257.173922  	2814.705571  	5534.707399  
6750.41049  	4190.964271  	5276.530577  	2803.431666  	5520.401745  
6758.259476  	4178.587968  	5284.943586  	2804.909591  	5529.602263  
6757.028232  	4190.178021  	5276.395668  	2810.498621  	5538.181513  
6758.263912  	4200.462196  	5296.750314  	2801.479201  	5520.435431  
6758.066725  	4170.051566  	5267.597398  	2793.809433  	5502.055361  
6750.597346  	4170.66544  	5271.374078  	2799.826958  	5516.727972  
6752.480553  	4199.789162  	5264.255889  	2795.031546  	5520.084232  
6744.121672  	4225.516826  	5272.24495  	2800.742563  	5522.263523  
6749.955741  	4196.134392  	5275.566069  	2802.589848  	5531.031262  
6771.632736  	4184.022439  	5271.124779  	2808.730355  	5520.117508  
6758.758543  	4177.532167  	5292.713829  	2815.792588  	5522.639392  
6758.69915  	4188.386059  	5265.535362  	2810.584607  	5532.459577  
6737.623121  	4210.787859  	5266.77929  	2804.720185  	5511.819087  
6740.677909  	4154.902683  	5258.979853  	2788.867407  	5504.257935  
6736.537517  	4188.224121  	5278.315156  	2804.750776  	5508.381557  
6733.441343  	4213.292951  	5268.904149  	2812.024565  	5531.074531  
6748.176134  	4224.083718  	5279.249198  	2820.59675  	5530.622173  
6739.232935  	4240.144202  	5273.802559  	2803.889671  	5519.172927  
6745.449619  	4210.495018  	5251.183835  	2797.92859  	5529.480943  
6763.116352  	4199.105023  	5287.305435  	2803.120152  	5520.061374  
6754.376457  	4178.265099  	5263.927048  	2805.204055  	5513.709515  
6745.569903  	4186.313576  	5267.893732  	2798.855431  	5513.809445  
6740.876472  	4215.109564  	5274.423362  	2795.633976  	5503.231185  
6737.128298  	4186.591025  	5266.687395  	2798.481737  	5512.540348  
6744.649288  	4223.384036  	5262.191961  	2808.840865  	5526.704203  
6754.478918  	4196.777999  	5274.750176  	2811.295213  	5512.210369  
6744.725403  	4183.621761  	5267.727145  	2811.591091  	5522.733279  
6744.944033  	4207.318631  	5280.35271  	2809.941206  	5508.905917  
6742.333543  	4210.714024  	5271.533092  	2802.347784  	5530.234841  
6750.891606  	4189.327941  	5269.690996  	2811.109512  	5532.387124  
6752.878589  	4186.021507  	5265.409772  	2804.787456  	5521.773599  
6771.236225  	4166.853423  	5273.713296  	2819.225017  	5535.061118  
6759.21346  	4181.325811  	5252.329268  	2807.29451  	5536.507642  
6756.734478  	4166.035375  	5273.111966  	2808.655018  	5544.77368  
6751.180442  	4201.840589  	5265.265585  	2809.619723  	5526.020776  
6751.839319  	4186.600982  	5281.929114  	2796.76283  	5533.570055  
6759.824368  	4203.439371  	5289.95457  	2800.278729  	5520.595254  
6755.476796  	4167.672784  	5261.909212  	2801.14962  	5525.688125  
6751.809333  	4185.716764  	5278.89614  	2799.624554  	5504.890905  
6741.626694  	4173.372574  	5250.518896  	2799.318053  	5520.201336  
6744.920627  	4192.392222  	5271.887073  	2799.675596  	5508.29321  
6740.088601  	4161.759051  	5273.802075  	2803.324925  	5523.125803  
6755.011281  	4219.109806  	5285.359795  	2794.371733  	5509.363336  
6738.516935  	4208.843404  	5273.990265  	2804.721516  	5517.123951  
6742.375578  	4231.545475  	5280.923787  	2799.943668  	5515.539066  
6743.486476  	4208.926436  	5283.782435  	2798.991041  	5510.260891  
6754.063397  	4225.63488  	5277.22938  	2803.20878  	5516.659177  
6748.548261  	4182.399536  	5275.225778  	2815.080426  	5511.443409  
6758.038028  	4181.058771  	5274.503069  	2810.307835  	5519.819346  
6752.595701  	4192.937662  	5268.515915  	2808.182794  	5505.226734  
6744.35871  	4188.904469  	5278.383406  	2793.903671  	5515.205664  
6741.854141  	4177.384656  	5275.957222  	2791.254543  	5504.081493  
6741.926837  	4185.610369  	5275.493412  	2800.019231  	5516.300575  
6762.134938  	4148.126532  	5286.646182  	2808.777301  	5515.700528  
6752.43459  	4170.782687  	5278.929779  	2806.382702  	5511.221411  
6745.32298  	4176.162167  	5275.898303  	2799.400876  	5528.16377  
6736.622969  	4242.732589  	5269.507173  	2798.3571  	5506.09145  
6730.684509  	4219.774255  	5278.745327  	2800.076263  	5513.744448  
6750.187728  	4202.943195  	5282.956181  	2797.793825  	5508.152944  
6737.758962  	4168.646312  	5267.014177  	2797.081353  	5529.941459  
6748.594953  	4171.573743  	5272.964272  	2809.730098  	5535.141244  
6756.637773  	4186.863797  	5269.616473  	2801.806015  	5539.020122  
6755.123563  	4209.049575  	5288.431803  	2802.961948  	5527.897594  
6754.834324  	4239.413721  	5266.567798  	2799.370496  	5521.01567  
6765.356124  	4217.087382  	5262.513497  	2803.628785  	5529.511078  
6760.435372  	4187.809996  	5283.913231  	2805.858218  	5527.01725  
6768.048484  	4180.311145  	5272.692907  	2809.188097  	5529.969757  
6770.917076  	4202.472726  	5284.139902  	2809.236655  	5525.164701  
6756.035522  	4233.453907  	5270.639292  	2810.382338  	5540.640737  
6754.707613  	4270.559722  	5284.257622  	2807.302005  	5505.043767  
6752.061214  	4228.337365  	5275.043  	2812.653973  	5525.319346  
6745.376955  	4159.551808  	5267.114209  	2809.824248  	5516.981477  
6739.496465  	4189.287528  	5256.503277  	2792.350226  	5515.863266  
6736.147913  	4171.582001  	5279.961108  	2791.567107  	5522.667924  
6741.156993  	4167.407797  	5273.830942  	2808.894962  	5524.993887  
6739.935311  	4176.710748  	5276.261105  	2797.97399  	5516.06727  
6733.634228  	4222.067649  	5270.335973  	2793.106362  	5521.889935  
6753.763871  	4190.601513  	5281.06421  	2804.687405  	5522.425854  
6740.805246  	4208.979545  	5261.126376  	2805.145102  	5506.372932  
6745.706708  	4207.82106  	5274.359009  	2801.164403  	5508.848889  
6738.172932  	4213.517242  	5286.853365  	2809.980846  	5528.91516  
6737.058879  	4255.089851  	5267.525385  	2800.159422  	5530.673332  
6745.924112  	4203.67464  	5276.144464  	2802.587581  	5515.355012  
6737.16357  	4221.043811  	5281.574351  	2807.162278  	5510.179716  
6744.108875  	4197.679805  	5278.599217  	2802.637083  	5522.534683  
6759.132588  	4172.93685  	5276.976503  	2809.929732  	5515.026378  
6755.499986  	4188.362085  	5266.992225  	2807.185095  	5522.318376  
6762.928154  	4211.036843  	5273.269544  	2818.707491  	5516.256964  
6747.839273  	4153.473638  	5268.161595  	2796.252232  	5510.286383  
6772.868111  	4164.819306  	5273.276217  	2805.244761  	5522.200426  
6752.294158  	4177.260834  	5280.076234  	2795.494739  	5505.507785  
6766.442433  	4169.031853  	5273.847965  	2809.074532  	5528.210214  
6761.907954  	4155.22519  	5287.306721  	2809.588081  	5525.943909  
6752.221142  	4198.270523  	5279.451385  	2799.796009  	5517.794444  
6748.952366  	4205.709311  	5267.349597  	2803.49581  	5524.18767  
6746.836531  	4183.44312  	5280.69208  	2800.946665  	5516.877582  
6752.683787  	4194.639125  	5276.75208  	2802.837228  	5538.992694  
6752.971093  	4253.675988  	5295.308218  	2815.558484  	5520.810135  
6750.91139  	4183.017927  	5281.016304  	2811.507838  	5533.432882  
6746.593646  	4228.437081  	5259.192926  	2814.052836  	5512.04667  
6741.710631  	4250.10448  	5290.317677  	2814.639533  	5514.689079  
6741.480528  	4258.842415  	5276.619322  	2801.820575  	5512.759018  
6746.839312  	4211.900368  	5288.346359  	2812.2599  	5522.818787  
6725.896356  	4228.2663  	5283.584435  	2798.775326  	5519.190544  
6733.592332  	4220.340773  	5262.038269  	2807.891476  	5528.472079  
6741.863204  	4212.889454  	5285.761373  	2808.631342  	5534.645628  
6747.00242  	4183.350068  	5286.876624  	2808.136152  	5531.825195  
6746.576922  	4201.226356  	5257.637567  	2802.707107  	5522.713383  
6751.247971  	4178.64844  	5275.006857  	2796.224169  	5526.460522  
6749.258625  	4210.704562  	5276.940577  	2808.820771  	5529.582835  
6748.478658  	4218.691294  	5287.640644  	2797.335966  	5520.701553  
6744.534121  	4180.157633  	5270.812746  	2801.65229  	5505.210821  
6740.704147  	4172.950474  	5257.085681  	2796.975242  	5519.452845  
6753.382748  	4193.028482  	5284.27065  	2797.64457  	5517.039625  
6747.829382  	4198.090016  	5287.725464  	2806.809741  	5507.943668  
6749.084053  	4203.27494  	5284.950719  	2805.516991  	5513.771698  
6731.207629  	4161.364001  	5275.990714  	2788.526304  	5536.535584  
6726.514621  	4204.200666  	5258.755013  	2806.448473  	5513.142225  
6742.381831  	4181.719241  	5273.472822  	2801.985372  	5514.626126  
6739.782028  	4228.164033  	5260.845842  	2811.229869  	5516.578708  
6747.28109  	4234.10083  	5286.081247  	2801.597105  	5514.789439  
6746.07708  	4212.559411  	5260.502819  	2808.62273  	5536.809172  
6757.358537  	4243.647199  	5278.449075  	2799.374017  	5522.618453  
6751.673647  	4241.140441  	5262.608223  	2800.17658  	5516.771311  
6763.84831  	4174.681795  	5283.308758  	2814.06272  	5526.681635  
6763.684  	4170.944787  	5267.514322  	2802.350412  	5515.37316  
6761.651126  	4215.375797  	5278.691118  	2805.489218  	5512.28937  
6761.266034  	4196.897284  	5269.229526  	2814.933939  	5525.484242  
6761.623019  	4179.085783  	5263.208215  	2812.641302  	5512.011236  
6755.98537  	4171.626988  	5257.559234  	2810.666062  	5522.202582  
6754.902535  	4203.160037  	5276.971972  	2796.804369  	5529.054315  
6754.025656  	4176.616495  	5267.121016  	2800.809728  	5521.779517  
6760.342235  	4195.778278  	5279.721203  	2802.121945  	5506.24577  
6741.168625  	4219.335384  	5262.119706  	2797.782196  	5513.800314  
6745.070931  	4179.702248  	5279.008868  	2808.763961  	5513.813978  
6743.708705  	4208.425926  	5282.735696  	2804.984841  	5511.93382  
6749.054104  	4211.18112  	5278.675708  	2802.78321  	5527.463644  
6758.78318  	4206.997252  	5293.195492  	2814.945636  	5550.8948  
6751.389102  	4204.555769  	5292.843305  	2798.030805  	5535.118476  
6746.343812  	4195.314583  	5261.593639  	2796.509406  	5526.698075  
6748.244561  	4212.310786  	5243.173142  	2800.673981  	5521.744875  
6744.514716  	4183.589022  	5270.73291  	2798.025118  	5534.110692  
6751.260479  	4216.701859  	5263.38256  	2803.279856  	5507.575204  
6750.572147  	4224.795816  	5255.014642  	2803.014917  	5519.396977  
6747.681099  	4246.772346  	5267.011116  	2806.199561  	5511.186163  
6742.655965  	4158.018836  	5249.659051  	2809.702587  	5525.623583  
6742.688428  	4238.444149  	5272.508282  	2805.395443  	5510.30599  
6744.877989  	4219.045462  	5282.623584  	2804.563501  	5515.988135  
6749.04762  	4207.697388  	5274.051065  	2802.307301  	5500.614192  
6750.065128  	4229.289523  	5270.244295  	2812.852303  	5519.618563  
6755.378942  	4190.688447  	5281.438386  	2796.215453  	5547.535253  
6757.057804  	4194.481924  	5268.416623  	2801.078862  	5514.027583  
6753.774913  	4159.982716  	5264.10209  	2795.372584  	5506.622771  
6749.232062  	4201.487776  	5268.616968  	2813.444324  	5522.625746  
6748.606991  	4200.977691  	5261.356685  	2799.803901  	5525.073266  
6745.618031  	4235.941606  	5283.667739  	2808.911463  	5531.935951  
6748.375234  	4191.21303  	5274.765754  	2811.872678  	5515.05982  
6754.325467  	4172.891589  	5273.680888  	2807.123983  	5525.019298  
6744.643209  	4204.74422  	5283.135917  	2800.937878  	5514.51325  
6750.701223  	4187.150084  	5286.657635  	2800.750851  	5520.410263  
6746.515116  	4200.275331  	5274.86847  	2802.993042  	5507.587607  
6741.980132  	4224.942644  	5275.548299  	2804.204446  	5525.914308  
6742.917335  	4193.547936  	5293.101344  	2798.262354  	5500.927689  
6753.872671  	4202.667206  	5302.469257  	2807.68374  	5510.474837  
6760.471725  	4189.937468  	5276.345797  	2809.242356  	5531.999688  
6752.215146  	4225.684742  	5294.183528  	2807.023159  	5496.135126  
6755.420674  	4180.783373  	5289.843497  	2805.510509  	5512.422178  
6746.912514  	4222.948172  	5289.087316  	2802.955134  	5514.346339  
6736.062835  	4199.173728  	5272.384031  	2798.98478  	5518.132504  
6739.404275  	4231.210066  	5278.933666  	2799.372632  	5506.206522  
6740.264223  	4210.555739  	5288.086639  	2799.201149  	5513.995272  
6742.397852  	4205.988316  	5265.12932  	2794.256393  	5511.337221  
6743.093476  	4197.803788  	5274.450567  	2800.333725  	5508.396671  
6753.299045  	4196.67548  	5280.173853  	2803.028771  	5515.415674  
6745.699879  	4199.293477  	5248.823716  	2807.165387  	5526.313228  
6749.760371  	4208.972704  	5289.332339  	2800.639621  	5515.714368  
6758.471541  	4190.492138  	5268.077558  	2802.748688  	5526.558945  
6751.750135  	4171.155455  	5268.936395  	2797.786746  	5497.850405  
6750.891615  	4201.560283  	5276.690941  	2801.42421  	5527.082467  
6745.290783  	4161.542381  	5279.897127  	2798.386141  	5515.753789  
6757.928993  	4172.164075  	5289.662936  	2794.533575  	5518.012688  
6751.686846  	4175.688526  	5293.699568  	2805.358103  	5508.405816  
6762.456844  	4211.663315  	5274.960596  	2811.606622  	5543.071622  
6752.610614  	4206.429942  	5283.473463  	2803.000256  	5524.716217  
6750.632507  	4182.309889  	5280.045691  	2803.683145  	5522.776991  
6742.366495  	4192.149955  	5285.724163  	2795.643186  	5503.119147  
6739.407218  	4193.315848  	5275.721108  	2794.342992  	5519.822972  
6747.813829  	4169.601891  	5254.604611  	2804.791719  	5527.650582  
6746.749406  	4218.494352  	5273.945164  	2801.028581  	5510.284688  
6741.775034  	4180.456237  	5269.855461  	2802.50194  	5514.949231  
6740.196729  	4200.611293  	5281.757254  	2802.078728  	5525.190228  
6735.551419  	4207.887297  	5247.469549  	2801.51067  	5531.187823  
6745.062959  	4236.339978  	5261.807309  	2804.07078  	5532.10206  
6756.547041  	4228.039723  	5294.673996  	2799.464828  	5532.928711  
6754.12972  	4195.682906  	5271.101426  	2804.942624  	5528.902401  
6752.684847  	4205.138737  	5286.069584  	2802.745417  	5515.72723  
6753.56117  	4184.128846  	5264.377834  	2802.027474  	5523.646995  
6757.078033  	4205.859661  	5277.213136  	2797.876512  	5517.057088  
6740.349138  	4231.087659  	5267.993804  	2802.1081  	5513.644617  
6743.107345  	4209.210387  	5240.243782  	2810.023512  	5524.21642  
6753.079156  	4226.261475  	5276.248818  	2816.044493  	5524.752059  
6746.358178  	4201.614773  	5278.171754  	2803.364104  	5509.24898  
6744.014104  	4210.523741  	5294.816214  	2804.27557  	5505.735397  
6736.8677  	4168.477703  	5273.077762  	2785.07709  	5510.402674  
6742.60576  	4218.792316  	5260.268262  	2806.736982  	5510.369139  
6746.86193  	4179.115855  	5278.10179  	2794.373883  	5512.14042  
6766.261214  	4196.355994  	5258.307297  	2815.665503  	5535.976751  
6757.434128  	4175.065402  	5268.679783  	2800.140052  	5514.391608  
6763.65678  	4174.393251  	5273.665582  	2799.0394  	5525.837432  
6761.257086  	4176.264085  	5266.849395  	2802.772681  	5516.669827  
6749.923681  	4175.42605  	5252.374092  	2806.844099  	5528.37316  
6762.77271  	4163.860132  	5272.972107  	2819.203819  	5519.612267  
6763.845401  	4200.59518  	5287.841254  	2812.328998  	5532.758533  
6749.810908  	4165.945988  	5279.294491  	2797.830716  	5522.825676  
6751.876833  	4157.047525  	5275.374322  	2802.504253  	5528.425043  
6750.150884  	4185.492128  	5282.319286  	2797.501383  	5504.850158  
6750.091568  	4175.627723  	5263.941995  	2798.375305  	5519.776134  
6749.777485  	4153.869778  	5276.540539  	2795.596834  	5522.844844  
6738.988167  	4217.963294  	5271.085733  	2796.597755  	5526.48264  
6745.369385  	4236.542762  	5270.162884  	2803.500845  	5514.61981  
6741.487892  	4161.777194  	5262.832365  	2801.143061  	5520.291463  
6755.367799  	4168.984998  	5270.97914  	2808.547163  	5510.052992  
6747.877697  	4200.550891  	5280.51724  	2804.0633  	5513.784707  
6752.22193  	4194.862693  	5277.977474  	2809.781973  	5515.437826  
6747.444933  	4221.485015  	5275.465361  	2790.635065  	5537.933847  
6750.000879  	4216.411731  	5288.96374  	2798.198441  	5512.703886  
6754.361599  	4196.857068  	5280.062247  	2809.110048  	5524.017632  
6755.430375  	4204.906464  	5260.753218  	2806.555422  	5524.952284  
6768.226241  	4186.869056  	5274.060822  	2815.266338  	5524.290404  
6762.443207  	4186.307722  	5277.352259  	2810.098546  	5517.579492  
6763.79977  	4139.556257  	5277.073376  	2806.471752  	5529.73729  
6755.568398  	4210.118371  	5270.417657  	2800.993996  	5530.918389  
6749.086777  	4167.726072  	5271.39309  	2794.631492  	5524.312613  
6754.439953  	4208.722342  	5292.606878  	2808.602194  	5538.735547  
6756.275002  	4143.395391  	5272.793725  	2813.017724  	5534.891103  
6751.718255  	4221.801461  	5269.11417  	2801.420262  	5538.494888  
6761.374357  	4161.819451  	5298.346747  	2805.450272  	5513.985338  
6759.065741  	4156.173898  	5296.28672  	2793.034004  	5511.174268  
6757.71526  	4190.171362  	5292.982231  	2806.553021  	5522.525737  
6745.706634  	4182.785236  	5286.382565  	2795.928035  	5497.816896  
6735.602108  	4187.757187  	5280.323768  	2789.810298  	5498.951353  
6732.91893  	4228.836351  	5265.952462  	2796.076677  	5529.742584  
6737.001797  	4173.148054  	5265.656012  	2791.5235  	5503.030992  
6742.267509  	4224.066165  	5288.62682  	2803.201728  	5497.087848  
6739.845311  	4226.017439  	5272.705479  	2805.785153  	5521.55739  
6735.950822  	4223.860835  	5282.76992  	2802.353252  	5506.25478  
6736.123525  	4198.716214  	5257.110756  	2801.396853  	5516.634493  
6736.019543  	4207.225666  	5266.224022  	2806.384736  	5513.25815  
6749.559877  	4199.442806  	5281.563917  	2801.634272  	5509.242347  
6742.789751  	4219.31309  	5281.488232  	2801.990737  	5514.134446  
6744.196473  	4250.090651  	5292.712495  	2801.890299  	5518.767703  
6747.867648  	4208.075263  	5263.381131  	2808.482914  	5514.104708  
6740.911503  	4236.679202  	5275.161182  	2809.626458  	5524.008326  
6748.219208  	4197.6831  	5279.193931  	2807.77775  	5519.938758  
6753.736437  	4178.223035  	5272.071531  	2806.108444  	5524.111863  
6754.718126  	4185.798512  	5283.38578  	2810.864208  	5534.642548  
6758.605764  	4162.625708  	5267.749213  	2812.760605  	5543.212145  
6770.041949  	4211.371393  	5277.689636  	2813.999721  	5548.157552  
6755.842117  	4193.240591  	5286.993624  	2798.675003  	5506.799948  
6759.220298  	4183.098551  	5261.037884  	2807.055569  	5515.78939  
6750.693476  	4174.012623  	5280.034654  	2798.613727  	5519.992707  
6743.916491  	4155.520256  	5255.709751  	2810.057985  	5518.42984  
6748.958399  	4194.131759  	5292.133179  	2797.449528  	5507.76429  
6750.026689  	4216.402199  	5284.076349  	2804.418227  	5503.996707  
6740.815006  	4220.754345  	5273.516183  	2798.688594  	5515.389273  
6740.643266  	4217.840668  	5289.298321  	2790.174085  	5509.82564  
6734.083286  	4182.423352  	5286.68755  	2791.853177  	5498.829665  
6741.259887  	4202.768293  	5263.852896  	2797.517394  	5498.170134  
6749.857475  	4193.803746  	5273.404568  	2812.035557  	5510.519417  
6740.767288  	4211.616637  	5269.199713  	2794.979326  	5517.506289  
6748.019624  	4214.835036  	5285.952668  	2806.573069  	5527.930302  
6744.421329  	4246.975723  	5274.98084  	2798.018703  	5508.079041  
6751.498291  	4156.219166  	5279.033387  	2804.113149  	5544.230399  
6762.675419  	4173.249753  	5287.236996  	2808.497762  	5528.720167  
6748.652488  	4184.251293  	5283.669217  	2804.578489  	5520.524137  
6748.416135  	4170.360309  	5270.978838  	2803.841799  	5524.074464  
6749.974451  	4156.151716  	5268.776046  	2788.334724  	5506.529582  
6758.928513  	4189.625528  	5266.262019  	2800.318239  	5520.466387  
6761.5715  	4165.769389  	5274.007516  	2802.656711  	5528.629156  
6764.637771  	4221.966752  	5274.377037  	2824.295733  	5556.27565  
6766.729292  	4174.485954  	5270.758439  	2810.024664  	5527.801978  
6752.165048  	4203.155971  	5269.246757  	2802.477506  	5517.075625  
6745.613575  	4208.605292  	5288.264643  	2800.143653  	5518.859138  
6752.110989  	4234.981306  	5268.804286  	2804.432268  	5519.946687  
6758.195115  	4207.061279  	5286.340373  	2805.083633  	5519.849198  
6757.875627  	4183.011774  	5262.513272  	2804.462882  	5516.818153  
6752.171081  	4199.217756  	5272.039295  	2796.947173  	5537.812013  
6741.637642  	4190.931882  	5276.848448  	2808.579702  	5520.197665  
6731.918921  	4227.176292  	5274.735851  	2798.344136  	5512.50685  
6739.434719  	4190.881128  	5268.886949  	2809.810922  	5503.713233  
6735.258087  	4214.935794  	5285.80445  	2795.059488  	5497.114142  
6740.051284  	4187.312256  	5266.806276  	2800.547387  	5512.498918  
6748.591789  	4199.844453  	5268.210603  	2801.155461  	5507.149596  
6748.457338  	4199.71293  	5270.601922  	2807.777074  	5503.289197  
6743.749082  	4232.044496  	5281.762272  	2810.619051  	5528.602512  
6733.630507  	4220.617437  	5270.302475  	2804.231215  	5525.237861  
6735.790275  	4202.014063  	5274.095465  	2791.909563  	5516.381854  
6740.689488  	4225.540136  	5274.815476  	2811.297461  	5512.952079  
6745.253607  	4200.487823  	5280.338117  	2803.699414  	5508.676511  
6741.746874  	4245.350476  	5282.174989  	2794.109494  	5517.929149  
6742.04186  	4238.403933  	5272.449594  	2804.808475  	5516.93229  
6739.844626  	4243.963005  	5272.768216  	2807.379603  	5514.674975  
6751.172349  	4188.879093  	5253.288867  	2807.807729  	5519.168484  
6756.532767  	4174.730534  	5269.795439  	2808.966341  	5530.127084  
6757.88355  	4219.516457  	5283.481714  	2807.302306  	5518.270589  
6742.285202  	4169.359343  	5282.582272  	2794.31001  	5502.370874  
6745.903002  	4121.277182  	5275.776055  	2790.229917  	5502.438193  
6749.078036  	4199.942697  	5281.22124  	2803.18128  	5496.037723  
6755.123431  	4170.748784  	5259.494308  	2805.950307  	5498.920027  
6755.575667  	4164.456162  	5267.526746  	2804.021811  	5532.381681  
6749.454282  	4225.852447  	5270.958421  	2790.513366  	5513.908048  
6753.895017  	4202.426875  	5264.661576  	2813.88587  	5525.770458  
6759.575264  	4203.474776  	5286.61992  	2803.828969  	5522.812874  
6757.253454  	4156.970626  	5265.284327  	2802.822645  	5530.347474  
6748.752307  	4192.797411  	5268.943349  	2804.170459  	5542.449299  
6756.157374  	4183.073384  	5276.155087  	2798.936129  	5523.777068  
6770.155853  	4215.894514  	5282.114862  	2812.060997  	5520.954282  
6768.831769  	4126.547889  	5271.591644  	2811.536785  	5528.173013  
6757.351924  	4163.364751  	5317.105254  	2807.425148  	5525.647072  
6749.436741  	4187.70462  	5278.994291  	2793.666312  	5512.714631  
6751.82983  	4224.475833  	5280.003325  	2798.828257  	5501.520967  
6733.961018  	4204.915632  	5276.037978  	2792.154291  	5513.291055  
6744.102367  	4170.39558  	5270.834436  	2805.614664  	5508.325429  
6725.304419  	4186.27271  	5264.337156  	2796.983539  	5509.910034  
6739.608765  	4196.805295  	5265.799599  	2803.532253  	5516.427138  
6738.476029  	4248.452522  	5268.235266  	2810.821982  	5533.170499  
6744.245272  	4222.556658  	5254.517491  	2810.524315  	5520.438713  
6748.596242  	4179.808257  	5258.643482  	2817.845549  	5533.254182  
6755.291768  	4223.946027  	5279.986133  	2813.009282  	5531.591158  
6756.886462  	4211.694172  	5288.645191  	2804.019737  	5514.079878  
6752.242203  	4144.15129  	5263.174427  	2798.875848  	5510.586397  
6747.384557  	4152.566317  	5280.624562  	2795.328537  	5508.941247  
6746.873182  	4210.026868  	5281.02617  	2788.890672  	5496.76887  
6736.344093  	4205.824465  	5283.131301  	2792.389275  	5513.400758  
6733.47703  	4230.150595  	5277.189038  	2802.59749  	5509.172867  
6745.080763  	4177.190123  	5271.84878  	2799.0125  	5523.037587  
6744.706283  	4185.824029  	5283.379777  	2800.193809  	5514.7584  
6748.4058  	4225.443158  	5271.276876  	2806.994195  	5522.732169  
6760.963565  	4215.260413  	5257.680469  	2805.349765  	5520.927642  
6759.646596  	4220.568501  	5278.950621  	2812.524336  	5534.218629  
6755.410963  	4207.972133  	5284.79867  	2804.815648  	5539.423323  
