6556.270773  	5721.720509  	6601.715115  	4502.209185  	6040.55737  
6554.930754  	5696.211874  	6593.889405  	4498.337733  	6052.193311  
6567.579884  	5711.645767  	6613.509696  	4506.702872  	6046.910913  
6555.350591  	5721.554812  	6600.220539  	4497.935429  	6050.063642  
6558.21462  	5714.705586  	6605.421224  	4493.074013  	6044.757249  
6563.502487  	5725.694321  	6586.129152  	4490.895552  	6029.520487  
6560.205873  	5720.980245  	6592.948166  	4508.281201  	6047.768865  
6567.432148  	5723.225855  	6614.987077  	4504.770476  	6037.99358  
6559.745334  	5741.365155  	6592.20404  	4497.508713  	6055.098024  
6555.686036  	5712.334348  	6592.024272  	4498.554201  	6047.099558  
6553.244411  	5676.506911  	6588.333683  	4493.168782  	6043.48105  
6554.173004  	5731.606381  	6593.277757  	4489.443518  	6032.804968  
6555.260034  	5714.44468  	6599.661934  	4495.500594  	6045.711537  
6549.498861  	5718.575659  	6600.117019  	4482.019529  	6029.374916  
6542.828056  	5703.16614  	6605.742476  	4490.028065  	6039.538333  
6531.545064  	5649.477489  	6587.482636  	4479.598426  	6039.996166  
6532.55492  	5667.314154  	6602.017518  	4480.966702  	6029.498999  
6536.803565  	5670.856475  	6590.535012  	4491.808601  	6037.699864  
6542.420439  	5673.878373  	6606.306092  	4496.53165  	6046.852684  
6551.140114  	5682.208805  	6621.614513  	4490.558449  	6049.33333  
6568.229828  	5705.76002  	6628.11936  	4509.422921  	6060.504654  
6558.360259  	5698.125498  	6631.873619  	4501.542196  	6031.346038  
6555.281289  	5683.212223  	6609.799403  	4494.91567  	6047.174509  
6576.182206  	5723.608075  	6609.26117  	4504.612218  	6054.823926  
6563.945078  	5713.727489  	6636.109244  	4502.884347  	6055.477334  
6561.02497  	5694.804144  	6629.693499  	4505.083507  	6044.121534  
6544.62916  	5660.776736  	6614.755427  	4495.688679  	6040.651768  
6551.849404  	5681.848648  	6611.993642  	4504.096727  	6048.923234  
6536.430588  	5664.702373  	6605.974009  	4495.746117  	6033.758964  
6533.70581  	5688.428173  	6600.22509  	4490.660884  	6019.525077  
6535.452848  	5689.290199  	6601.89306  	4484.010535  	6029.098928  
6521.144848  	5633.467559  	6586.674128  	4471.333043  	6028.049817  
6536.482598  	5659.453798  	6582.246476  	4482.289538  	6029.093337  
6534.217113  	5670.640829  	6605.118292  	4489.995966  	6039.847605  
6540.747969  	5678.278754  	6578.40629  	4485.315348  	6047.423346  
6542.876431  	5670.234893  	6585.653577  	4495.418695  	6041.317099  
6555.132217  	5708.297871  	6585.211435  	4494.319191  	6048.190617  
6547.621228  	5715.927824  	6588.950124  	4499.345333  	6035.705774  
6556.88119  	5703.292231  	6611.175088  	4495.788577  	6042.049853  
6554.312478  	5666.982955  	6590.153809  	4499.974929  	6058.578752  
6557.037541  	5701.207485  	6595.146954  	4498.652263  	6052.197103  
6548.757623  	5691.860312  	6586.227342  	4496.441185  	6039.622296  
6550.655467  	5700.157461  	6587.295571  	4501.957311  	6044.770155  
6557.54439  	5703.878159  	6603.829243  	4493.298193  	6054.192582  
6546.973833  	5731.948162  	6588.280388  	4494.269326  	6042.836049  
6556.432338  	5744.020448  	6622.197662  	4496.36978  	6046.767632  
6548.262274  	5665.970603  	6593.793168  	4501.588189  	6055.339488  
6553.795355  	5738.360576  	6631.555819  	4509.944329  	6051.527253  
6570.120056  	5725.991824  	6624.985911  	4503.459508  	6045.766234  
6571.200749  	5672.367168  	6598.285618  	4510.73358  	6050.444589  
6561.253442  	5732.983493  	6604.897098  	4501.861553  	6036.695508  
6559.899599  	5725.968297  	6594.400041  	4502.860494  	6041.470022  
6558.141744  	5710.025804  	6595.505978  	4498.254899  	6032.821958  
6557.421097  	5738.094607  	6609.2172  	4492.674088  	6034.368749  
6560.614676  	5727.118154  	6604.669616  	4489.949776  	6038.196612  
6555.659148  	5736.187968  	6592.66606  	4499.429824  	6034.252375  
6551.206069  	5735.788031  	6584.917973  	4496.978766  	6031.733977  
6556.928385  	5725.93464  	6629.760406  	4491.880398  	6035.743158  
6566.139042  	5745.230818  	6637.234482  	4494.762982  	6049.890999  
6556.753632  	5686.202004  	6633.24544  	4496.583101  	6036.515857  
6561.392874  	5711.678203  	6613.787116  	4487.712948  	6038.399375  
6558.927376  	5710.059849  	6623.941557  	4496.10991  	6051.8693  
6556.258192  	5704.804249  	6609.952033  	4498.016118  	6040.888069  
6558.935509  	5671.449403  	6590.936024  	4508.633463  	6050.15505  
6549.082182  	5696.796805  	6596.130287  	4491.573204  	6047.149281  
6544.324453  	5666.150445  	6591.832137  	4487.834598  	6037.62679  
6578.056644  	5743.051982  	6624.117747  	4511.323122  	6052.395484  
6572.751523  	5792.936499  	6633.811632  	4495.46618  	6043.895686  
6550.013005  	5717.039067  	6583.631273  	4490.61177  	6039.460892  
6552.313014  	5742.965746  	6595.414124  	4482.128594  	6034.142497  
6539.722296  	5713.942218  	6598.752237  	4488.650038  	6033.889079  
6550.144515  	5722.873336  	6574.764892  	4484.445199  	6025.303054  
6531.776054  	5690.611478  	6599.535631  	4478.797538  	6030.112235  
6541.081156  	5703.164431  	6620.078191  	4496.373396  	6035.099793  
6540.585364  	5678.069067  	6605.824291  	4502.265894  	6038.015393  
6558.577851  	5714.286198  	6604.402714  	4500.368862  	6046.779237  
6556.583429  	5673.464904  	6624.589445  	4499.22494  	6044.366573  
6544.640862  	5702.956119  	6593.276455  	4492.149797  	6035.505365  
6530.60717  	5676.691346  	6591.577049  	4481.838641  	6027.05149  
6542.4457  	5692.837238  	6589.274989  	4490.59848  	6045.418071  
6543.937006  	5668.960085  	6591.914575  	4497.655783  	6053.750024  
6547.33006  	5669.221665  	6596.541378  	4491.929431  	6039.055109  
6530.072347  	5682.467425  	6586.530703  	4487.099184  	6032.77914  
6538.531949  	5672.528554  	6595.134573  	4488.161473  	6034.798973  
6542.934529  	5673.887949  	6592.644319  	4493.73772  	6042.551046  
6552.642012  	5708.714839  	6604.658267  	4490.811148  	6041.375371  
6548.672495  	5669.118832  	6608.34408  	4490.909376  	6031.931167  
6558.50896  	5712.195233  	6598.838819  	4494.56004  	6032.322058  
6559.758162  	5707.798574  	6621.982188  	4497.828681  	6053.77536  
6558.486991  	5714.905493  	6602.212614  	4498.204053  	6049.989424  
6557.417766  	5701.672916  	6620.216515  	4494.656943  	6033.156277  
6559.671005  	5694.217275  	6617.976316  	4494.5421  	6033.704481  
6558.997605  	5701.136031  	6605.940002  	4495.403199  	6043.161048  
6566.736417  	5717.04548  	6615.098161  	4498.026308  	6053.850574  
6556.222702  	5724.325709  	6617.149263  	4494.779505  	6058.18272  
6555.296719  	5685.488142  	6610.261594  	4498.750719  	6045.155261  
6549.478621  	5676.615329  	6601.75957  	4490.0475  	6036.085558  
6554.381614  	5713.603585  	6607.981987  	4490.019099  	6032.882481  
6557.065083  	5712.099759  	6582.708198  	4504.420768  	6045.351734  
6563.855725  	5684.563805  	6599.407675  	4490.02103  	6050.744026  
6555.648634  	5691.370142  	6594.029044  	4491.864324  	6038.450385  
6561.323748  	5687.32525  	6594.381823  	4496.479669  	6034.682463  
6560.915905  	5693.076909  	6597.521653  	4498.932346  	6057.796984  
6560.255949  	5699.338314  	6607.463503  	4496.366166  	6045.85511  
6552.33113  	5719.348414  	6610.272432  	4505.80421  	6061.602554  
6534.383281  	5668.6207  	6580.725793  	4484.804778  	6047.210353  
6546.652831  	5710.496298  	6580.405932  	4485.143821  	6042.05004  
6540.497613  	5670.916499  	6586.952273  	4479.747215  	6026.455609  
6572.566152  	5731.524055  	6606.948701  	4503.977405  	6046.511285  
6555.335406  	5700.727549  	6602.71444  	4496.926442  	6047.70789  
6564.662569  	5727.072565  	6607.525638  	4505.250413  	6046.843045  
6558.127326  	5725.948706  	6610.543516  	4491.830025  	6043.752137  
6548.967063  	5735.231854  	6603.250338  	4488.546561  	6023.934399  
6542.602358  	5705.541235  	6574.529686  	4483.330508  	6040.043888  
6535.996114  	5719.986567  	6579.123989  	4480.753751  	6032.683952  
6537.761127  	5727.89059  	6602.593571  	4489.877896  	6020.79957  
6522.625449  	5658.194744  	6606.852005  	4482.724347  	6041.501905  
6535.052344  	5644.617103  	6592.603949  	4481.494479  	6039.128587  
6526.571874  	5618.748964  	6577.270525  	4495.906325  	6035.849356  
6523.399097  	5650.918806  	6601.027836  	4490.903798  	6037.297134  
6528.456278  	5616.156634  	6615.152972  	4480.476094  	6031.432198  
6527.008998  	5609.953349  	6625.858024  	4489.646596  	6044.089988  
6533.030433  	5659.107362  	6628.062104  	4497.297259  	6033.161419  
6543.088644  	5667.808365  	6624.832833  	4498.709237  	6045.812033  
6556.722023  	5702.352713  	6625.812191  	4519.723871  	6055.825358  
6571.993162  	5702.137765  	6640.552742  	4522.833858  	6065.731967  
6578.426244  	5716.647301  	6604.398621  	4508.782301  	6058.66805  
6564.241683  	5682.905074  	6606.604661  	4503.606452  	6056.285937  
6567.920111  	5747.314807  	6595.628656  	4487.734505  	6046.270261  
6556.413637  	5710.301882  	6602.182422  	4490.737406  	6037.149477  
6552.206536  	5685.586321  	6582.646872  	4487.131147  	6037.701781  
6554.249913  	5690.577911  	6599.521565  	4509.625294  	6041.50154  
6563.897748  	5724.847068  	6589.870607  	4517.448692  	6039.243899  
6554.458394  	5683.562301  	6581.556633  	4497.175506  	6026.614867  
6546.258043  	5678.498276  	6589.861255  	4487.444086  	6044.086673  
6551.388875  	5690.897675  	6579.644343  	4477.108515  	6038.337592  
6551.131507  	5704.493214  	6577.783489  	4495.412033  	6041.903902  
6550.864203  	5703.023901  	6592.12443  	4501.426605  	6039.391158  
6553.253275  	5699.676404  	6607.799086  	4495.324002  	6042.464259  
6549.718941  	5661.484654  	6597.689334  	4496.492258  	6041.274652  
6557.440233  	5710.758236  	6618.832814  	4500.93063  	6053.964618  
6554.163993  	5703.31958  	6632.478987  	4486.149171  	6040.181366  
6565.185101  	5683.88925  	6639.648938  	4511.626907  	6041.324629  
6567.176473  	5706.576665  	6634.134443  	4510.199464  	6047.935197  
6571.300958  	5720.101966  	6615.557538  	4507.750489  	6055.584898  
6565.591728  	5694.790722  	6615.967823  	4501.72973  	6041.512192  
6553.920376  	5725.718262  	6618.957714  	4510.977252  	6064.179064  
6556.163116  	5756.750483  	6630.759352  	4507.837568  	6049.857693  
6553.534131  	5708.403061  	6612.344537  	4505.791889  	6028.988155  
6557.553473  	5698.960753  	6643.293458  	4517.285279  	6035.591429  
6553.173418  	5721.620187  	6613.806134  	4511.024583  	6053.685845  
6558.353351  	5691.469517  	6612.493482  	4501.80929  	6047.882228  
6548.310163  	5708.397705  	6614.585353  	4499.09971  	6049.305947  
6551.362658  	5706.00004  	6600.640666  	4509.692819  	6051.20103  
6545.712508  	5700.856067  	6608.616132  	4509.20709  	6065.42796  
6555.08245  	5726.205855  	6594.416281  	4502.543402  	6038.433826  
6557.34238  	5691.33676  	6625.019959  	4500.182409  	6046.525843  
6554.394415  	5691.395064  	6622.815634  	4496.653587  	6049.113984  
6549.475708  	5675.145981  	6605.201728  	4509.115506  	6053.274158  
6544.357591  	5682.974819  	6626.554302  	4511.589401  	6029.343623  
6542.863897  	5729.42331  	6629.581847  	4489.936341  	6031.14693  
6543.980768  	5707.961974  	6622.300651  	4507.998722  	6050.00922  
6568.653962  	5735.117242  	6603.667783  	4507.378868  	6045.7236  
6544.997795  	5684.333132  	6604.725997  	4494.191561  	6040.72589  
6556.518457  	5693.178686  	6615.138534  	4504.552233  	6049.279095  
6569.202572  	5747.425268  	6587.849049  	4504.704142  	6045.334153  
6556.092448  	5757.538709  	6579.090898  	4498.151127  	6037.291775  
6562.530326  	5733.544982  	6603.016919  	4487.82808  	6045.03496  
6557.992632  	5753.537717  	6597.81461  	4487.550857  	6041.375832  
6547.767033  	5711.467793  	6587.425124  	4481.607092  	6033.667086  
6540.691737  	5694.958531  	6584.637071  	4487.93321  	6051.527754  
6536.159478  	5683.76713  	6592.674236  	4493.272284  	6025.031985  
6530.131964  	5690.90186  	6572.185995  	4478.139702  	6033.063663  
6540.971747  	5662.373032  	6611.795563  	4505.480024  	6039.965736  
6539.930155  	5684.261151  	6625.373911  	4498.462675  	6042.978663  
6536.096168  	5644.011973  	6595.009004  	4492.783798  	6028.842668  
6545.834423  	5668.608687  	6604.939441  	4504.869938  	6031.502948  
6564.261464  	5710.153739  	6598.598747  	4511.819171  	6047.592879  
6552.852008  	5682.076849  	6611.272741  	4506.066386  	6039.854127  
6564.586047  	5707.763388  	6604.454122  	4495.025586  	6034.351936  
6548.380118  	5730.535141  	6611.946752  	4492.50373  	6052.528016  
6554.901796  	5685.58367  	6599.597522  	4488.727969  	6043.470682  
6543.663058  	5710.809461  	6586.409071  	4482.188754  	6034.696265  
6555.691453  	5695.840267  	6604.636283  	4486.923637  	6033.276684  
6545.458479  	5684.730429  	6583.823306  	4481.9697  	6050.506369  
6545.765361  	5676.47305  	6589.3867  	4495.118798  	6041.76828  
6546.477984  	5693.62502  	6600.257469  	4501.157702  	6040.855625  
6557.628127  	5711.742397  	6593.788577  	4490.764514  	6042.427617  
6544.800125  	5719.992068  	6596.250594  	4496.14828  	6039.835223  
6552.476078  	5735.819191  	6603.596341  	4498.878798  	6044.880754  
6554.728726  	5724.165747  	6595.635022  	4493.417458  	6049.890218  
6554.304907  	5741.732048  	6603.012342  	4491.184135  	6046.718557  
6552.248596  	5699.777299  	6595.27704  	4489.507423  	6023.995117  
6553.563864  	5712.464485  	6579.465538  	4502.118056  	6044.208177  
6566.708476  	5669.445577  	6588.440954  	4487.705599  	6041.978986  
6555.22645  	5705.111448  	6597.613689  	4495.009551  	6021.138741  
6555.413673  	5693.514384  	6599.114026  	4496.724296  	6037.939471  
6557.085013  	5715.093984  	6615.129045  	4501.936851  	6053.952408  
6553.341478  	5696.026616  	6607.384859  	4486.572001  	6031.667652  
6550.332589  	5694.975765  	6608.320128  	4489.810665  	6029.870205  
6540.630732  	5688.776736  	6613.431192  	4484.992105  	6033.342023  
6559.858873  	5710.958058  	6589.312943  	4501.880133  	6055.30341  
6551.444743  	5684.996044  	6583.601671  	4497.764526  	6058.906548  
6563.87661  	5716.048559  	6587.693964  	4490.544414  	6043.277  
6548.327887  	5714.439961  	6597.531328  	4487.898538  	6042.639076  
6544.002832  	5695.960205  	6604.133926  	4497.829942  	6035.461929  
6560.39821  	5726.623216  	6585.502924  	4493.846735  	6030.806662  
6544.535004  	5683.170595  	6608.158946  	4490.697463  	6029.723102  
6551.589009  	5717.309092  	6591.747444  	4479.49036  	6035.187551  
6543.92053  	5676.684296  	6600.932146  	4478.525979  	6028.091089  
6549.471982  	5711.957171  	6613.689298  	4490.203916  	6051.196609  
6549.830277  	5693.141612  	6613.757154  	4498.807623  	6038.654029  
6550.530347  	5728.903031  	6617.311156  	4496.144998  	6032.858727  
6550.240245  	5697.393116  	6617.390836  	4497.145058  	6048.041471  
6546.33349  	5676.557054  	6583.621284  	4500.929026  	6052.37368  
6541.924179  	5685.496617  	6595.610729  	4506.576284  	6032.351725  
6540.544843  	5686.891009  	6595.350349  	4494.538416  	6039.755754  
6551.867079  	5690.406982  	6592.348831  	4503.801363  	6041.942422  
6558.898377  	5710.620531  	6615.119902  	4519.020612  	6054.59891  
6565.786451  	5695.456917  	6616.389631  	4511.621988  	6056.520897  
6563.029253  	5722.018241  	6623.375432  	4509.899367  	6062.381646  
6556.900317  	5712.162667  	6618.497044  	4518.068947  	6058.150038  
6551.769076  	5689.684491  	6633.423751  	4502.508776  	6044.043068  
6552.393546  	5673.631781  	6610.050631  	4505.42955  	6048.906485  
6562.723161  	5710.641208  	6609.962206  	4502.964497  	6047.026464  
6564.21863  	5704.113301  	6608.741729  	4493.656357  	6034.917294  
6553.532586  	5700.078902  	6584.453003  	4486.393551  	6050.906814  
6556.318952  	5691.819286  	6583.199328  	4490.786441  	6052.026364  
6559.644817  	5688.254733  	6609.184874  	4496.620941  	6040.288638  
6542.531695  	5696.673983  	6580.122845  	4480.83813  	6027.578339  
6546.425154  	5722.98151  	6582.030403  	4486.156875  	6044.917625  
6552.395828  	5710.925193  	6595.2066  	4492.784307  	6038.765173  
6546.394662  	5681.989607  	6608.646423  	4486.378559  	6027.688079  
6558.280793  	5691.490234  	6613.584818  	4492.408479  	6057.569601  
6550.80155  	5715.301394  	6614.377296  	4504.483852  	6034.842767  
6541.068029  	5670.327931  	6598.57961  	4493.146737  	6037.575647  
6544.701479  	5674.116689  	6584.806825  	4484.564746  	6046.600782  
6545.464577  	5704.593272  	6596.223432  	4497.028628  	6043.654282  
6552.792519  	5681.360277  	6612.382911  	4501.482711  	6040.655111  
6566.830196  	5686.788858  	6601.53824  	4498.937613  	6037.780608  
6564.532223  	5708.043293  	6597.021474  	4508.898264  	6044.349929  
6546.817775  	5704.042037  	6584.841739  	4483.431646  	6032.46995  
6539.79837  	5682.403913  	6582.71888  	4486.226029  	6033.182361  
6550.660861  	5736.875867  	6585.595155  	4488.206452  	6038.122067  
6538.005589  	5716.237185  	6586.182241  	4485.590426  	6038.127068  
6547.182736  	5706.016716  	6581.818705  	4490.636007  	6030.95859  
6551.967521  	5687.503418  	6572.970515  	4487.191647  	6037.09104  
6541.482068  	5702.942906  	6592.11044  	4466.133033  	6024.501115  
6531.829139  	5688.88483  	6578.882062  	4464.040102  	6027.476773  
6533.03376  	5678.650929  	6594.173277  	4486.061882  	6026.373412  
6538.832863  	5637.068668  	6603.740233  	4488.342045  	6044.937708  
6542.150764  	5672.529083  	6611.057181  	4496.621512  	6046.85615  
6520.349602  	5603.906659  	6597.195745  	4486.772318  	6029.868893  
6525.832924  	5632.976667  	6574.995211  	4484.359474  	6020.858203  
6522.948142  	5612.849081  	6585.450749  	4489.698778  	6033.836667  
6533.04649  	5639.709149  	6587.070846  	4491.581408  	6040.405023  
6552.630396  	5644.514429  	6596.017519  	4500.740145  	6050.880082  
6560.595301  	5706.269526  	6596.405083  	4495.075428  	6053.444592  
6568.817136  	5683.405029  	6616.965795  	4512.667534  	6048.965561  
6567.455616  	5690.571917  	6603.574971  	4510.030603  	6053.149625  
6563.908381  	5708.33794  	6595.132419  	4497.446988  	6048.013949  
6576.467033  	5722.001166  	6605.454499  	4507.283801  	6067.753436  
6566.339205  	5702.721241  	6609.018148  	4512.116542  	6054.190544  
6566.107222  	5695.989587  	6600.413043  	4503.699317  	6047.371968  
6565.728215  	5724.594836  	6608.272576  	4503.987069  	6049.055613  
6549.703755  	5714.376216  	6591.111759  	4500.024451  	6032.618194  
6558.460548  	5740.812739  	6590.989543  	4491.134025  	6035.55724  
6550.193856  	5709.508794  	6592.680879  	4495.488052  	6046.924943  
6548.674063  	5716.866938  	6578.939685  	4482.616299  	6032.362296  
6557.54988  	5680.739851  	6606.945557  	4489.813402  	6050.764498  
6555.208737  	5702.268829  	6592.077423  	4504.126259  	6038.951796  
6553.597125  	5701.943414  	6597.726381  	4495.198844  	6043.340525  
6565.095251  	5721.25147  	6593.94023  	4492.880891  	6022.937823  
6562.295744  	5715.120267  	6607.566933  	4491.017447  	6041.197308  
6558.311988  	5725.344448  	6607.463059  	4496.558959  	6050.227771  
6566.057394  	5757.887765  	6588.944063  	4491.511358  	6048.27231  
6562.175816  	5734.31098  	6578.830635  	4484.781186  	6052.909755  
6545.125497  	5695.832505  	6586.764911  	4490.567738  	6036.23477  
6554.225899  	5743.171905  	6597.556889  	4491.375256  	6032.542194  
6551.279798  	5684.425153  	6608.988263  	4485.055607  	6036.41191  
6555.606639  	5691.399015  	6595.062166  	4495.18022  	6058.092445  
6563.817405  	5715.866689  	6606.741591  	4493.439907  	6053.493872  
6550.748  	5698.800567  	6581.5719  	4496.757425  	6044.207685  
6556.872593  	5726.900954  	6590.730629  	4501.784721  	6058.436068  
6547.486378  	5688.567139  	6583.30707  	4486.715422  	6041.085784  
6552.02695  	5711.517464  	6582.553105  	4499.115206  	6029.231397  
6544.607085  	5720.439094  	6618.46877  	4502.790739  	6046.539988  
6548.84035  	5707.19888  	6616.553244  	4498.322345  	6039.45695  
6544.938922  	5728.396141  	6606.3102  	4497.753702  	6038.89753  
6533.717213  	5664.068907  	6606.557498  	4486.139712  	6030.54091  
6543.764662  	5711.283358  	6603.142759  	4493.796152  	6037.754928  
6556.116312  	5701.595663  	6631.920711  	4504.163384  	6027.485665  
6562.252585  	5720.862753  	6608.020708  	4494.000242  	6040.90065  
6555.512514  	5730.966234  	6595.563922  	4493.009801  	6034.198504  
6564.893678  	5711.325689  	6601.390831  	4492.749399  	6043.241977  
6551.774104  	5664.120232  	6587.402044  	4501.296776  	6031.962637  
6550.268679  	5706.543477  	6573.341297  	4490.774217  	6039.964732  
6547.421264  	5669.636275  	6596.813036  	4486.478824  	6046.606602  
6550.394925  	5678.146539  	6599.487881  	4491.035922  	6054.50799  
6545.107211  	5670.993906  	6603.148669  	4493.979063  	6059.51208  
6550.847932  	5679.435004  	6610.214145  	4497.982134  	6050.281621  
6556.065868  	5671.422996  	6594.468947  	4499.512634  	6038.967234  
6543.085369  	5683.998969  	6620.27512  	4514.116254  	6055.88315  
6563.266041  	5711.419643  	6602.018783  	4513.760642  	6071.501374  
6550.153946  	5696.101189  	6609.855661  	4506.581205  	6056.266897  
6563.599855  	5708.672189  	6595.117486  	4503.372508  	6052.118227  
6563.948275  	5708.963782  	6593.327845  	4503.505389  	6041.297216  
6561.459998  	5672.701685  	6575.603508  	4493.765119  	6027.716797  
6554.729251  	5721.710938  	6588.04032  	4498.381749  	6042.386089  
6552.888939  	5699.688726  	6595.857495  	4494.315283  	6058.075262  
6554.075231  	5705.63642  	6600.180316  	4494.730783  	6040.288942  
6545.140325  	5682.563198  	6602.852666  	4486.619539  	6035.027925  
6543.690169  	5683.781948  	6576.932853  	4479.204782  	6024.740907  
6540.869003  	5681.071703  	6612.333701  	4484.963737  	6036.116151  
6536.84498  	5706.996413  	6606.701287  	4476.187999  	6022.922815  
6546.246505  	5690.790029  	6608.503013  	4487.959427  	6026.515634  
6545.70974  	5688.138134  	6598.530041  	4489.551823  	6042.560713  
6546.952339  	5707.735078  	6601.481792  	4485.564868  	6033.040838  
6546.609262  	5677.085325  	6593.878421  	4476.513967  	6033.913665  
6543.965098  	5690.385603  	6599.858385  	4480.678396  	6027.802237  
6539.160922  	5668.315898  	6597.837717  	4493.311951  	6041.599826  
6567.331592  	5720.037363  	6624.54287  	4501.115319  	6054.801776  
6561.638707  	5725.215521  	6612.77262  	4510.15958  	6047.664174  
6549.79478  	5727.306461  	6619.453327  	4494.236982  	6034.74991  
6551.628122  	5717.162642  	6596.312192  	4509.559904  	6053.191497  
6559.682675  	5727.134143  	6632.528933  	4502.680151  	6037.941358  
6553.252787  	5685.402105  	6604.619538  	4501.212212  	6049.786142  
6559.866132  	5702.914132  	6607.997781  	4500.087163  	6059.745437  
6558.941482  	5707.458661  	6631.317244  	4497.870784  	6031.579762  
6566.405376  	5697.417226  	6610.624961  	4503.88544  	6046.311086  
6556.137727  	5696.848762  	6622.420496  	4502.382751  	6049.832833  
6557.987769  	5699.858747  	6628.611529  	4497.830047  	6038.350954  
6560.929228  	5703.385264  	6630.052756  	4495.864721  	6050.422936  
6547.97946  	5707.521001  	6603.886309  	4492.454216  	6011.354562  
6550.298961  	5714.408572  	6589.186277  	4487.681846  	6042.483588  
6551.699099  	5734.979975  	6618.372354  	4495.98194  	6036.451959  
6553.861537  	5720.962716  	6608.70469  	4498.591165  	6036.314176  
6532.149363  	5639.792944  	6607.65979  	4476.435753  	6029.099718  
6540.805033  	5675.622409  	6609.552088  	4478.94999  	6025.757469  
6543.311306  	5666.598254  	6586.498737  	4472.565127  	6030.031985  
6531.931035  	5653.090247  	6607.943255  	4486.650283  	6026.613396  
6530.607637  	5635.286591  	6579.434905  	4479.173878  	6028.837634  
6531.663588  	5685.20444  	6587.003355  	4473.831028  	6027.771726  
6549.900889  	5709.6293  	6590.614533  	4493.179511  	6044.785777  
6552.645797  	5696.82529  	6609.763006  	4500.732389  	6051.430978  
6559.951602  	5687.909105  	6603.990596  	4482.582126  	6045.861521  
6552.51002  	5724.564976  	6615.392947  	4497.977728  	6027.474416  
6555.138211  	5698.873934  	6601.321058  	4500.34901  	6047.495569  
6576.860919  	5790.27126  	6591.291199  	4507.645557  	6054.36578  
6557.975527  	5744.713847  	6616.995668  	4506.632497  	6058.029496  
6547.291987  	5720.580058  	6603.014781  	4494.679269  	6050.989131  
6538.392887  	5708.217016  	6594.966895  	4482.868499  	6025.245455  
6537.067502  	5717.469293  	6586.897857  	4484.037228  	6034.644893  
6546.453849  	5708.211819  	6597.009247  	4485.440003  	6054.345507  
6539.922141  	5676.006094  	6600.374359  	4493.742878  	6039.02212  
6533.771895  	5690.699054  	6599.709205  	4497.928372  	6030.397337  
6539.813334  	5683.575096  	6596.560303  	4482.013254  	6037.175224  
6532.993455  	5657.044583  	6586.850452  	4491.078247  	6038.281325  
6535.673497  	5676.333342  	6578.203517  	4477.038994  	6033.784469  
6538.471738  	5671.757723  	6574.982542  	4489.732191  	6034.650146  
6546.851397  	5682.671212  	6600.285443  	4495.742628  	6042.924443  
6556.867194  	5685.367586  	6622.563026  	4496.282396  	6049.408149  
6569.823737  	5708.786222  	6609.341618  	4497.081447  	6055.00573  
6566.402452  	5711.240279  	6597.669074  	4487.37498  	6053.202664  
6556.648196  	5731.796556  	6591.482185  	4484.365333  	6045.998029  
6557.226376  	5721.246418  	6607.771541  	4494.481221  	6046.4747  
6565.845083  	5727.760369  	6625.899802  	4496.356435  	6044.152392  
6562.327362  	5728.497001  	6603.975468  	4498.932785  	6037.754976  
6557.282146  	5710.983219  	6609.576814  	4499.742028  	6052.919274  
6561.286776  	5693.454391  	6606.272583  	4503.035534  	6066.059643  
6554.937985  	5716.429817  	6608.156675  	4491.065905  	6033.881631  
6550.947437  	5727.520872  	6613.678941  	4496.257331  	6043.199852  
6554.215768  	5697.737932  	6576.057625  	4488.03355  	6030.354215  
6552.858638  	5701.527144  	6597.352593  	4509.626774  	6053.243562  
6565.778069  	5734.945352  	6606.733908  	4494.974755  	6040.318748  
6564.482319  	5708.186384  	6585.801853  	4498.882236  	6049.024592  
6552.672353  	5726.521624  	6604.448858  	4488.922657  	6036.269161  
6555.546718  	5704.291753  	6613.113565  	4502.615799  	6043.707095  
6561.820567  	5737.420874  	6616.468853  	4507.525989  	6020.373797  
6556.391851  	5699.434276  	6603.276447  	4487.004314  	6026.465832  
6552.662938  	5698.514449  	6592.775511  	4496.127454  	6051.333089  
6551.22703  	5689.99134  	6593.306812  	4491.496122  	6032.452938  
6557.940276  	5696.183559  	6596.424391  	4495.203083  	6042.992875  
6549.641369  	5701.29959  	6591.035144  	4496.869673  	6026.626127  
6546.145098  	5670.152922  	6592.751034  	4491.069456  	6043.090956  
6557.21032  	5716.174052  	6601.612261  	4491.970921  	6039.246651  
6547.893016  	5719.874327  	6595.186438  	4499.228679  	6047.89074  
6557.865258  	5720.717689  	6591.444585  	4498.000025  	6046.903236  
6553.156129  	5686.003931  	6591.99386  	4490.424823  	6048.334033  
6554.856549  	5729.278584  	6590.48819  	4498.306572  	6051.172867  
6560.480595  	5703.667007  	6604.128669  	4507.143354  	6054.512906  
6550.097747  	5692.519571  	6610.026993  	4502.314791  	6051.13803  
6554.680508  	5719.618094  	6610.883229  	4502.639401  	6046.861012  
6545.293091  	5665.054279  	6615.982374  	4501.758088  	6042.787525  
6574.168049  	5759.947201  	6607.415378  	4494.594853  	6049.071654  
6573.948489  	5727.820033  	6619.497484  	4492.751138  	6054.10498  
6566.546067  	5760.581493  	6606.523943  	4499.061409  	6046.811855  
6558.260317  	5728.493398  	6625.96242  	4493.76904  	6053.626188  
6549.994702  	5678.348184  	6599.126501  	4497.987335  	6045.249729  
6546.413807  	5698.695048  	6592.214054  	4489.081572  	6041.331459  
6552.043948  	5681.608075  	6607.264259  	4509.721283  	6060.747182  
6529.716978  	5643.703578  	6593.586836  	4490.383157  	6033.412022  
6525.455925  	5629.600402  	6604.107518  	4494.175667  	6028.754615  
6525.589474  	5649.452831  	6585.197746  	4481.207638  	6034.276605  
6538.778106  	5632.935387  	6597.838862  	4485.268167  	6034.205051  
6540.983037  	5650.045963  	6607.666583  	4504.752662  	6046.421167  
6543.019672  	5645.477943  	6616.805803  	4504.432017  	6052.462411  
6554.329584  	5639.085753  	6605.633972  	4502.208657  	6033.088756  
6551.612218  	5690.464819  	6606.744776  	4500.216264  	6032.407359  
6565.260051  	5662.743005  	6605.173982  	4502.875729  	6036.672188  
6556.921761  	5703.565519  	6614.234708  	4490.993666  	6037.082724  
6561.280369  	5691.337761  	6607.083208  	4502.343622  	6050.192549  
6563.260725  	5691.404008  	6599.120097  	4504.752794  	6045.306815  
6551.686505  	5718.923026  	6600.125487  	4485.299972  	6033.580569  
6549.960806  	5693.871562  	6582.148684  	4500.404107  	6044.6373  
6549.276896  	5693.845544  	6603.476636  	4502.049754  	6037.138765  
6559.866788  	5744.896484  	6595.937479  	4493.790891  	6047.781398  
6557.823892  	5707.470454  	6601.817751  	4493.256302  	6045.979381  
6551.511578  	5692.812346  	6592.78813  	4498.241703  	6039.077763  
6550.240016  	5690.124218  	6590.710175  	4496.620788  	6043.93054  
6548.191075  	5708.133341  	6594.973641  	4497.372497  	6035.809655  
6558.011444  	5701.372035  	6603.459276  	4499.903618  	6042.351523  
6545.509437  	5717.418905  	6620.622509  	4507.006671  	6030.586721  
6553.943135  	5698.259661  	6612.415201  	4491.964849  	6045.731717  
6557.44901  	5728.924182  	6630.897769  	4506.078191  	6059.253716  
6557.014535  	5719.835011  	6619.931345  	4499.323377  	6046.496079  
6565.105119  	5724.073227  	6626.851591  	4499.232539  	6033.118134  
6561.797083  	5721.829784  	6611.717068  	4504.225271  	6052.940104  
6562.693011  	5727.332848  	6609.462669  	4501.768791  	6032.682843  
6568.389465  	5732.762297  	6616.167209  	4492.851567  	6046.345842  
6563.292139  	5690.994609  	6597.190715  	4501.583352  	6043.065309  
6566.455  	5703.993901  	6592.132161  	4493.527726  	6059.848814  
6552.333326  	5685.500782  	6599.173367  	4497.699908  	6052.389239  
6549.390356  	5684.570198  	6623.016182  	4492.68219  	6063.893184  
6554.085508  	5691.166389  	6584.293912  	4513.018385  	6053.00516  
6549.776469  	5718.179324  	6575.067274  	4494.867807  	6033.0298  
6549.994596  	5727.447734  	6595.833297  	4489.942259  	6032.575138  
6567.019049  	5731.678586  	6597.356005  	4501.016166  	6041.424338  
6555.258783  	5727.610292  	6609.02386  	4507.561359  	6048.297405  
6549.70078  	5661.586092  	6584.816588  	4497.92896  	6057.943613  
6553.100608  	5731.410385  	6602.469084  	4498.151968  	6049.175088  
6553.829513  	5697.802615  	6584.778683  	4500.667435  	6034.744948  
6549.987157  	5723.626589  	6605.440555  	4491.779332  	6052.275683  
6553.649816  	5699.496243  	6596.96863  	4486.888751  	6039.877547  
6551.103746  	5697.123206  	6614.547187  	4487.835283  	6027.122559  
6558.303652  	5708.501834  	6608.930747  	4499.419583  	6041.359562  
6543.104519  	5674.414087  	6609.23963  	4488.795803  	6042.028941  
6534.352919  	5681.55815  	6586.440018  	4475.477393  	6027.958837  
6539.297267  	5676.487469  	6608.354898  	4487.622689  	6029.481858  
6529.594668  	5677.185278  	6596.507491  	4471.609145  	6035.183461  
