7469.450838  	4837.105489  	6331.032824  	2269.161053  	5176.073348  
7463.438604  	4805.339962  	6316.42847  	2259.81448  	5170.136324  
7459.365485  	4826.80468  	6319.701524  	2275.467067  	5184.078654  
7463.263767  	4814.343384  	6323.343948  	2275.943542  	5178.965499  
7464.921184  	4795.065735  	6316.221432  	2277.613316  	5191.181965  
7486.26906  	4827.296712  	6314.182635  	2274.527119  	5185.901678  
7490.777393  	4827.740072  	6330.302369  	2271.007094  	5183.317179  
7482.541456  	4844.064645  	6346.11345  	2270.383769  	5204.285097  
7471.691387  	4834.455644  	6344.798033  	2275.402546  	5192.071539  
7460.767695  	4799.1638  	6327.651817  	2259.982969  	5176.54102  
7468.923567  	4849.222935  	6337.841894  	2265.708327  	5159.991223  
7466.913823  	4838.997524  	6335.395356  	2269.205775  	5169.88164  
7478.336188  	4838.197657  	6322.385378  	2278.024118  	5176.252915  
7469.17357  	4828.704602  	6330.749528  	2287.590443  	5203.508436  
7471.950386  	4816.787388  	6316.966108  	2278.306234  	5203.056953  
7474.506357  	4815.004614  	6303.400836  	2281.585517  	5171.772355  
7467.802592  	4813.990938  	6324.193668  	2272.651179  	5184.70608  
7473.860942  	4810.569312  	6327.215461  	2283.751901  	5180.23365  
7471.130154  	4801.862863  	6325.817105  	2275.423076  	5196.6365  
7474.080888  	4843.619213  	6315.595849  	2272.098084  	5160.566283  
7469.027291  	4813.152335  	6320.277013  	2266.819684  	5182.585868  
7463.708159  	4843.814326  	6318.206388  	2274.136326  	5182.566782  
7464.849064  	4836.985414  	6309.414253  	2272.608769  	5195.639287  
7480.530212  	4795.152679  	6315.744589  	2269.848137  	5180.001295  
7472.359004  	4831.69579  	6331.571267  	2268.006679  	5165.930063  
7467.007961  	4836.435846  	6306.846172  	2270.785864  	5207.943801  
7462.63473  	4860.820442  	6320.042729  	2261.343555  	5178.62362  
7464.064256  	4804.361186  	6323.307133  	2261.676238  	5176.547023  
7478.653781  	4803.765701  	6306.488142  	2272.956066  	5189.524828  
7490.525859  	4841.757585  	6313.986336  	2271.051604  	5171.670692  
7469.704542  	4836.311683  	6331.484858  	2279.804568  	5172.604718  
7468.762116  	4834.944906  	6334.806582  	2275.029463  	5180.950265  
7471.060341  	4809.222444  	6317.655403  	2268.255828  	5194.024278  
7469.851874  	4835.204871  	6327.391313  	2276.150478  	5186.472831  
7469.30151  	4829.469926  	6328.497101  	2276.613626  	5183.228954  
7470.680786  	4827.842188  	6305.199255  	2266.881119  	5182.245194  
7458.264868  	4843.094923  	6320.455445  	2272.70322  	5185.272051  
7465.637839  	4822.542327  	6309.021406  	2253.225469  	5170.109307  
7470.69505  	4838.135025  	6319.173005  	2275.744205  	5179.491891  
7476.818031  	4829.433607  	6318.20633  	2278.582925  	5172.829056  
7480.832983  	4799.387051  	6315.336907  	2265.42771  	5170.329837  
7472.31274  	4827.467204  	6322.431501  	2266.897095  	5171.525684  
7469.546618  	4827.755981  	6319.477243  	2271.946756  	5176.572287  
7465.38476  	4820.722761  	6322.082966  	2264.211118  	5187.647389  
7466.207897  	4839.236764  	6321.376109  	2270.546004  	5166.425448  
7465.314405  	4813.613652  	6327.565743  	2264.803054  	5163.402365  
7461.268263  	4836.168562  	6310.384963  	2270.489302  	5184.951021  
7470.594546  	4819.1521  	6320.247339  	2279.286112  	5189.063086  
7467.80345  	4811.264249  	6310.0738  	2277.250127  	5167.608067  
7457.671922  	4806.664536  	6308.815674  	2276.434902  	5178.003731  
7455.951031  	4826.778942  	6312.781971  	2281.006555  	5179.572679  
7456.4515  	4783.964669  	6308.855065  	2268.412204  	5170.934549  
7459.898569  	4816.079754  	6304.023312  	2269.37067  	5161.991341  
7465.69756  	4808.142005  	6314.073949  	2258.244273  	5171.728561  
7462.827059  	4850.392336  	6318.655792  	2285.826338  	5174.646358  
7455.560006  	4799.045667  	6300.434207  	2270.431517  	5176.930361  
7462.24907  	4844.968563  	6314.730433  	2273.366498  	5191.906459  
7470.454917  	4799.974545  	6313.582726  	2266.998754  	5168.713875  
7477.509559  	4830.766609  	6313.038014  	2269.343791  	5191.351846  
7476.775917  	4826.132989  	6317.899684  	2273.226161  	5173.339496  
7474.948256  	4834.326157  	6314.67709  	2265.220974  	5186.235572  
7465.780039  	4830.487291  	6329.462433  	2268.976917  	5202.454947  
7464.02314  	4827.965498  	6333.349684  	2272.038548  	5172.699965  
7462.908218  	4844.362888  	6327.16375  	2273.309715  	5197.193487  
7468.268263  	4848.789033  	6331.317248  	2278.982235  	5194.739695  
7475.711751  	4847.240599  	6314.238404  	2271.379711  	5207.95364  
7479.545648  	4801.679244  	6328.25604  	2275.115034  	5186.410078  
7479.405691  	4843.366179  	6335.927793  	2273.375024  	5172.285619  
7471.823768  	4843.281479  	6324.643133  	2265.130323  	5194.124447  
7464.885187  	4804.283265  	6313.340339  	2282.116819  	5177.948096  
7449.026333  	4790.624432  	6309.883746  	2266.011955  	5161.133207  
7456.562882  	4836.866525  	6320.463192  	2272.32698  	5164.875142  
7458.518952  	4835.031736  	6311.583958  	2271.207415  	5165.840944  
7457.717616  	4834.606565  	6326.411699  	2258.756545  	5192.465986  
7459.709018  	4831.371978  	6312.914163  	2277.551585  	5188.728113  
7467.511681  	4820.417244  	6330.443702  	2283.842238  	5174.490858  
7471.017889  	4831.148405  	6329.627926  	2266.516751  	5187.605769  
7474.915249  	4830.82521  	6311.05879  	2260.856251  	5197.207735  
7475.927924  	4858.078081  	6326.994084  	2275.470455  	5197.57317  
7476.387173  	4813.688652  	6337.371424  	2269.476016  	5181.847278  
7464.451079  	4834.939498  	6321.950265  	2265.92886  	5182.873941  
7466.628284  	4812.607168  	6331.317818  	2272.295669  	5181.464015  
7489.486396  	4823.871649  	6365.205451  	2276.69717  	5204.279597  
7476.705317  	4818.845393  	6317.761249  	2264.752636  	5184.440966  
7476.314636  	4830.763311  	6322.512681  	2267.899791  	5174.369086  
7470.145327  	4825.919449  	6335.370626  	2278.879376  	5181.836783  
7463.311466  	4851.598249  	6314.288697  	2278.083529  	5192.148433  
7460.283343  	4836.505189  	6324.848644  	2268.988612  	5179.293893  
7457.886907  	4816.498977  	6322.951973  	2264.222732  	5178.033646  
7462.518843  	4847.152438  	6326.906638  	2273.750828  	5172.623258  
7471.987474  	4785.618469  	6325.207526  	2262.754664  	5171.027933  
7468.722358  	4811.052503  	6311.159897  	2270.847598  	5186.01507  
7472.598401  	4849.204483  	6325.691406  	2272.989748  	5177.17255  
7474.496319  	4835.297595  	6320.79985  	2263.655101  	5174.031292  
7455.975164  	4836.179194  	6325.030568  	2262.147075  	5157.06236  
7462.055158  	4845.547089  	6329.173166  	2274.962927  	5182.720964  
7466.379173  	4810.968942  	6325.77563  	2261.071616  	5175.763075  
7471.7529  	4810.495137  	6314.558242  	2281.409688  	5179.183888  
7467.393063  	4803.866583  	6326.227369  	2278.921732  	5180.587422  
7467.685751  	4825.200138  	6331.631652  	2280.652976  	5186.785711  
7477.809598  	4824.72592  	6321.083483  	2268.782664  	5187.31138  
7469.151424  	4822.764063  	6342.404995  	2265.497453  	5183.43742  
7460.292949  	4855.584079  	6347.96942  	2272.049575  	5198.349971  
7456.298892  	4830.48214  	6331.424436  	2269.542949  	5173.919185  
7458.420959  	4819.378323  	6317.465609  	2269.032739  	5173.439761  
7457.091585  	4827.426177  	6320.974557  	2277.982094  	5191.377874  
7466.526641  	4828.278391  	6303.925306  	2267.260387  	5169.561597  
7466.587474  	4830.264171  	6308.881517  	2277.919981  	5187.15634  
7470.280615  	4819.461554  	6324.549128  	2269.23863  	5182.07178  
7480.720633  	4830.886736  	6331.312753  	2277.765254  	5192.854943  
7482.482134  	4831.334869  	6341.570425  	2279.320262  	5200.80005  
7490.062296  	4818.58109  	6325.342142  	2266.499348  	5188.830682  
7487.376811  	4854.62086  	6326.895993  	2267.821369  	5172.181008  
7468.322759  	4842.39921  	6317.760927  	2265.156839  	5175.677721  
7475.681299  	4826.15729  	6324.421735  	2266.377755  	5188.147609  
7464.242978  	4825.046459  	6313.356697  	2266.122795  	5177.380419  
7468.638441  	4826.020371  	6321.462393  	2275.464775  	5186.882617  
7475.164665  	4848.900286  	6305.441792  	2265.142031  	5181.049051  
7467.808488  	4765.695143  	6311.990091  	2257.87426  	5184.204741  
7480.237811  	4805.418792  	6323.074134  	2279.439083  	5179.18539  
7474.975518  	4801.533416  	6338.924926  	2281.823419  	5191.024738  
7472.028654  	4824.746043  	6333.456781  	2266.127011  	5195.938748  
7459.786925  	4840.981957  	6335.26761  	2259.675597  	5160.297148  
7455.917109  	4798.431421  	6311.683355  	2266.294801  	5170.950699  
7457.762437  	4810.046372  	6311.931322  	2268.73728  	5172.595114  
7462.341183  	4818.424255  	6318.182834  	2268.444344  	5161.615463  
7466.01486  	4819.75274  	6313.981251  	2274.408013  	5179.905296  
7460.953677  	4812.080464  	6312.529221  	2271.827404  	5171.283596  
7467.614108  	4832.665058  	6327.784027  	2270.742351  	5172.059952  
7475.970948  	4815.103324  	6321.17996  	2275.103948  	5175.454852  
7476.279816  	4815.965188  	6319.870446  	2280.97738  	5195.476921  
7483.653334  	4833.734823  	6325.632371  	2273.148283  	5182.952721  
7482.919326  	4843.166526  	6335.026526  	2271.569619  	5178.540544  
7491.074648  	4822.319924  	6315.519698  	2280.055963  	5199.914257  
7475.706104  	4840.417331  	6334.491343  	2281.247889  	5200.813722  
7471.872956  	4821.416443  	6316.581471  	2272.456913  	5182.270253  
7467.323137  	4815.990421  	6324.346723  	2277.929875  	5186.094684  
7466.484263  	4790.489118  	6312.914594  	2274.49763  	5169.705631  
7454.604682  	4803.223131  	6309.059291  	2275.553355  	5165.67667  
7462.677962  	4814.558548  	6311.131245  	2268.553539  	5160.573649  
7471.435658  	4807.949038  	6313.991638  	2268.423983  	5193.629613  
7473.854154  	4825.994462  	6325.101451  	2274.9631  	5182.423028  
7477.984463  	4827.235699  	6321.050834  	2285.40197  	5196.552532  
7476.84052  	4842.570198  	6334.512531  	2271.254316  	5200.373815  
7471.341369  	4789.948932  	6309.083766  	2273.650601  	5185.816574  
7460.880281  	4814.343189  	6311.014941  	2286.090476  	5185.062911  
7458.950604  	4829.881988  	6308.930239  	2268.260153  	5146.889017  
7458.431137  	4829.151818  	6304.389448  	2277.101089  	5193.727009  
7461.172367  	4831.04201  	6318.795177  	2277.948429  	5185.530671  
7447.114655  	4823.894937  	6321.702781  	2268.973551  	5185.197257  
7449.64892  	4862.131255  	6329.681341  	2271.769906  	5156.673531  
7462.52847  	4833.458932  	6310.353813  	2262.917252  	5155.747018  
7475.903302  	4823.417271  	6335.100279  	2262.040259  	5180.401348  
7481.310167  	4810.810075  	6345.020389  	2263.507465  	5176.580251  
7468.716308  	4818.903167  	6321.880191  	2277.505827  	5186.54305  
7459.85907  	4814.100451  	6327.096008  	2273.733679  	5194.820183  
7460.029263  	4797.997332  	6306.778875  	2281.158618  	5172.444148  
7458.167158  	4836.253249  	6314.096401  	2274.742972  	5188.869792  
7444.5531  	4823.26854  	6299.445559  	2269.335069  	5170.593628  
7448.375718  	4842.886796  	6321.903001  	2256.956664  	5175.979739  
7465.85389  	4842.24648  	6309.246648  	2285.885647  	5172.042187  
7465.377969  	4837.945554  	6332.897323  	2274.038517  	5188.986631  
7460.603252  	4809.715023  	6319.024831  	2262.115911  	5162.29994  
7461.629468  	4850.371806  	6311.171686  	2265.478974  	5171.865296  
7459.555448  	4835.311566  	6306.33661  	2259.026125  	5171.239351  
7466.538203  	4817.953576  	6320.979431  	2266.897367  	5188.539531  
7476.989022  	4829.0669  	6304.587262  	2265.360622  	5169.121223  
7483.147069  	4851.451584  	6311.605007  	2271.671094  	5178.973731  
7475.2768  	4808.862424  	6327.483533  	2270.946498  	5171.090421  
7486.912349  	4840.945898  	6342.297003  	2273.288461  	5185.965808  
7487.822769  	4839.69739  	6331.924546  	2286.001012  	5196.739014  
7482.067352  	4817.445317  	6333.742266  	2278.187743  	5198.380795  
7477.886285  	4803.983562  	6320.182262  	2264.636636  	5186.767018  
7482.058116  	4842.459662  	6330.788983  	2273.62308  	5197.301413  
7476.552101  	4832.09708  	6328.01706  	2264.938931  	5182.326612  
7466.872855  	4832.132252  	6320.917226  	2267.35674  	5165.282123  
7470.759806  	4848.708922  	6356.456761  	2273.163083  	5188.79289  
7468.39695  	4822.18834  	6314.914745  	2267.938607  	5172.568708  
7482.724689  	4815.9063  	6333.012873  	2265.116119  	5192.143612  
7479.028803  	4866.66704  	6335.734281  	2267.281995  	5201.163047  
7474.56223  	4840.001637  	6321.571471  	2275.142665  	5184.574374  
7478.029885  	4812.042143  	6324.618306  	2269.857931  	5177.139362  
7480.069453  	4851.151021  	6334.91079  	2278.171015  	5193.071455  
7472.173036  	4795.514135  	6327.657571  	2270.917478  	5179.73038  
7478.487481  	4829.44947  	6336.423094  	2270.070704  	5165.682959  
7477.210021  	4810.631558  	6315.684059  	2274.200585  	5191.614127  
7476.296903  	4835.068605  	6337.10205  	2272.705701  	5195.238112  
7457.871755  	4846.017227  	6328.950573  	2281.87666  	5181.344119  
7465.579778  	4804.25314  	6320.210976  	2268.740074  	5167.174191  
7456.573683  	4817.57768  	6314.52171  	2268.158869  	5181.614689  
7465.901144  	4813.672089  	6315.342342  	2276.247513  	5180.798855  
7463.458822  	4841.212257  	6305.980505  	2282.768612  	5184.696539  
7464.821024  	4827.538746  	6315.836251  	2270.40672  	5182.432307  
7463.765595  	4808.862226  	6323.816781  	2270.847431  	5183.018919  
7472.396606  	4818.769683  	6319.500025  	2277.841539  	5184.598536  
7467.321922  	4851.214505  	6318.616649  	2281.226407  	5184.957031  
7483.968225  	4831.579817  	6338.11119  	2284.404718  	5173.639162  
7476.550908  	4808.498514  	6326.959769  	2272.852026  	5176.058023  
7469.353054  	4830.303155  	6323.534251  	2277.502258  	5172.4311  
7473.154948  	4858.433285  	6324.821974  	2269.958978  	5183.969024  
7480.029543  	4823.450103  	6306.208435  	2277.67929  	5177.971696  
7461.114147  	4818.93689  	6319.442756  	2274.163002  	5183.126132  
7469.3776  	4824.418595  	6326.447281  	2268.307319  	5199.230407  
7478.707932  	4841.177333  	6312.960183  	2278.458086  	5181.249302  
7484.58778  	4808.542169  	6337.640532  	2287.445761  	5190.761354  
7472.092029  	4833.12424  	6320.399895  	2275.28782  	5167.176179  
7474.094026  	4810.385593  	6324.795483  	2283.515157  	5173.010266  
7458.019163  	4820.61788  	6331.031958  	2267.46728  	5190.464762  
7464.204768  	4833.51776  	6334.568407  	2269.103743  	5152.836075  
7462.5611  	4808.684537  	6311.070259  	2268.592944  	5183.592789  
7469.959969  	4794.897415  	6326.417339  	2279.855343  	5189.738105  
7472.931158  	4829.128694  	6324.463877  	2283.324565  	5202.612128  
7468.076453  	4801.733983  	6324.171898  	2272.556022  	5178.55234  
7480.24071  	4841.629539  	6304.537488  	2280.364888  	5189.672152  
7483.187475  	4807.192702  	6323.635216  	2276.141849  	5183.819573  
7484.006237  	4821.99115  	6327.048165  	2266.666963  	5186.744  
7468.718037  	4821.360815  	6323.464345  	2272.773471  	5165.247477  
7461.576729  	4826.796088  	6336.101193  	2276.752303  	5174.927386  
7454.895132  	4812.201404  	6318.164574  	2261.055169  	5158.097507  
7463.559302  	4816.518568  	6304.479172  	2273.415261  	5171.719571  
7454.402248  	4827.485499  	6296.688757  	2279.734492  	5184.22361  
7458.691536  	4812.848553  	6302.954107  	2260.179829  	5184.577638  
7467.039732  	4818.720135  	6309.546044  	2263.930437  	5176.409178  
7462.935178  	4838.588115  	6314.171553  	2277.549989  	5185.70833  
7474.367239  	4838.273291  	6317.047437  	2274.426513  	5189.888713  
7476.911082  	4834.727021  	6329.436129  	2271.741747  	5197.350214  
7481.667659  	4809.712629  	6325.947039  	2273.411919  	5183.797348  
7490.884531  	4846.872469  	6325.444478  	2258.629332  	5198.784154  
7487.119617  	4836.234659  	6344.592548  	2266.249664  	5191.739904  
7473.022036  	4862.006148  	6331.109713  	2260.844355  	5189.767325  
7471.433654  	4842.416184  	6322.642034  	2266.336437  	5178.599878  
7467.529882  	4828.359174  	6335.20357  	2264.590974  	5180.604143  
7465.88202  	4823.398433  	6310.482715  	2273.280091  	5180.741294  
7446.909975  	4814.212751  	6305.82218  	2269.70342  	5176.7332  
7459.40841  	4841.694735  	6309.023904  	2266.441313  	5187.703568  
7462.463944  	4824.048017  	6337.043939  	2268.230972  	5184.965511  
7478.706668  	4836.150374  	6330.90655  	2273.340145  	5166.950617  
7491.727221  	4842.061967  	6317.618666  	2273.888987  	5179.80912  
7492.435488  	4840.383976  	6332.72932  	2273.941124  	5183.059133  
7481.244649  	4843.262349  	6338.602431  	2264.464887  	5170.770223  
7480.404705  	4825.560278  	6314.168769  	2280.812908  	5179.375892  
7482.553135  	4866.903457  	6332.662771  	2269.910203  	5186.827887  
7475.751998  	4825.164688  	6339.214426  	2257.344808  	5182.93687  
7481.618289  	4818.373058  	6339.779508  	2294.751652  	5197.77931  
7479.793127  	4834.341525  	6329.968547  	2265.1517  	5196.081147  
7477.253275  	4806.439351  	6346.73942  	2261.542864  	5184.581749  
7472.690167  	4830.071852  	6352.070482  	2269.82443  	5158.844228  
7480.183454  	4789.292448  	6344.38977  	2272.36592  	5193.795897  
7486.549458  	4834.070405  	6340.885128  	2271.82756  	5177.786543  
7479.435499  	4808.123645  	6306.884152  	2274.93812  	5182.79086  
7481.488666  	4825.909548  	6328.526247  	2266.655102  	5193.011946  
7466.650136  	4828.112409  	6331.028237  	2277.214413  	5178.114113  
7476.637997  	4815.632613  	6309.615404  	2273.974925  	5177.269913  
7466.174591  	4810.848076  	6319.60842  	2273.452322  	5164.981252  
7468.458419  	4828.74225  	6318.032328  	2266.56173  	5166.543329  
7471.601268  	4812.613991  	6331.201349  	2276.181138  	5186.030863  
7474.532628  	4808.101115  	6332.55629  	2281.825228  	5174.718102  
7467.922494  	4805.683881  	6322.279249  	2281.267355  	5179.703609  
7473.192668  	4806.35239  	6324.092111  	2277.091234  	5205.464604  
7467.40646  	4821.431357  	6305.619117  	2261.715653  	5187.561774  
7470.833127  	4800.619621  	6320.455837  	2265.678694  	5180.617665  
7466.308268  	4809.603229  	6306.323244  	2274.446886  	5184.90463  
7457.943872  	4826.217948  	6317.623927  	2285.182702  	5193.488155  
7482.170227  	4823.331189  	6321.800823  	2268.40685  	5177.584887  
7471.706095  	4809.125982  	6317.126796  	2273.40227  	5165.192208  
7457.982449  	4819.044703  	6309.820438  	2257.079242  	5166.026938  
7463.549009  	4804.294698  	6302.922214  	2274.871194  	5179.267522  
7464.878795  	4835.703297  	6320.257257  	2272.174599  	5184.917063  
7453.975944  	4827.02281  	6326.204334  	2272.644614  	5189.049871  
7470.218187  	4824.254404  	6311.600592  	2274.074271  	5171.958137  
7468.683069  	4797.955198  	6321.013771  	2274.492367  	5195.594791  
7481.475577  	4822.896014  	6321.965927  	2271.563519  	5183.59298  
7475.806079  	4826.141778  	6323.849428  	2270.103124  	5175.124563  
7475.953287  	4839.583713  	6328.533847  	2279.922036  	5195.335989  
7482.422402  	4814.782381  	6327.903843  	2269.507006  	5177.082155  
7482.801322  	4814.951027  	6334.276819  	2278.394183  	5180.46093  
7474.333206  	4829.75212  	6328.899222  	2274.370967  	5176.510894  
7472.416186  	4818.886874  	6319.831707  	2270.319544  	5173.752577  
7461.326477  	4820.787814  	6322.088774  	2284.392297  	5197.656128  
7456.484837  	4822.744846  	6315.770551  	2275.21262  	5187.749804  
7456.207888  	4838.07247  	6314.616283  	2272.778917  	5179.248247  
7449.868487  	4829.273771  	6302.181065  	2267.348466  	5178.673121  
7452.643143  	4798.439017  	6304.722529  	2268.245206  	5169.372908  
7453.479026  	4834.099674  	6330.447394  	2274.110495  	5190.350812  
7465.991261  	4794.384574  	6337.642864  	2269.598718  	5163.300417  
7467.456118  	4794.287271  	6314.505138  	2269.791938  	5175.385617  
7457.559616  	4814.273603  	6328.289196  	2265.528496  	5184.872143  
7473.329162  	4838.577761  	6328.006837  	2282.829931  	5194.44812  
7466.302954  	4821.9669  	6336.241912  	2277.65258  	5191.611107  
7467.468658  	4843.548165  	6317.139866  	2268.822726  	5186.268297  
7462.907063  	4852.864734  	6327.288905  	2263.860364  	5189.278973  
7472.06753  	4810.650921  	6322.148557  	2283.527224  	5188.239442  
7480.423533  	4848.59514  	6323.668477  	2277.59823  	5189.032661  
7477.766741  	4824.560431  	6318.625443  	2270.825422  	5181.105992  
7472.759266  	4829.494552  	6318.898674  	2274.544928  	5186.687619  
7480.195512  	4842.415213  	6323.257398  	2282.817562  	5183.881993  
7465.430758  	4797.646291  	6328.816826  	2269.369541  	5181.895833  
7479.406638  	4828.507779  	6332.248336  	2277.485934  	5205.044645  
7466.988872  	4799.24139  	6309.121355  	2265.973836  	5186.832229  
7482.953871  	4837.610837  	6320.680545  	2280.818224  	5198.505496  
7479.251295  	4856.20166  	6323.177114  	2278.458905  	5178.502808  
7464.523804  	4819.066143  	6314.78361  	2257.990481  	5162.701612  
7464.48887  	4833.395027  	6315.180377  	2272.21314  	5179.344555  
7473.271372  	4819.180949  	6310.640337  	2283.043855  	5199.571898  
7467.970187  	4814.515631  	6312.919197  	2269.31605  	5178.961007  
7463.08139  	4818.704169  	6323.383703  	2273.66496  	5170.729441  
7474.991069  	4804.077442  	6325.000927  	2276.20323  	5189.465135  
7469.32015  	4824.591299  	6311.976156  	2272.496358  	5194.431246  
7471.463859  	4797.200651  	6310.565317  	2276.645578  	5182.662631  
7470.475336  	4816.077275  	6315.518111  	2263.950841  	5173.993796  
7470.83231  	4824.198855  	6308.505586  	2269.213719  	5182.140292  
7478.32439  	4825.681028  	6321.2485  	2258.705219  	5170.635249  
7474.573178  	4841.382972  	6349.822268  	2272.836307  	5169.19641  
7472.056518  	4845.76834  	6323.807744  	2271.604533  	5178.42202  
7471.219062  	4844.807825  	6340.773372  	2266.281714  	5179.706531  
7462.04118  	4831.23449  	6316.676786  	2269.197114  	5187.361657  
7458.356963  	4837.482358  	6318.237303  	2278.136782  	5193.619031  
7467.376851  	4812.843229  	6334.684206  	2263.969506  	5159.250175  
7469.246322  	4826.088085  	6344.193703  	2274.766606  	5188.499317  
7468.499804  	4798.436522  	6320.719677  	2264.610977  	5179.067136  
7471.732169  	4801.393338  	6307.987818  	2269.753361  	5175.763084  
7475.216226  	4849.896537  	6328.475545  	2273.413256  	5182.717784  
7480.479012  	4846.105354  	6329.083246  	2271.407126  	5166.26597  
7480.269653  	4823.109425  	6328.791171  	2269.914772  	5182.699392  
7484.494793  	4829.620028  	6346.579207  	2276.168989  	5184.428904  
7467.307073  	4840.052296  	6332.645327  	2272.888293  	5173.810506  
7463.556825  	4844.417117  	6334.172634  	2261.550141  	5170.17604  
7470.446879  	4801.150246  	6320.325798  	2275.991905  	5186.458131  
7474.173553  	4806.594622  	6309.980993  	2278.86234  	5177.667039  
7475.565422  	4817.148416  	6330.502219  	2271.650991  	5184.516253  
7461.264047  	4822.365819  	6320.631286  	2271.58049  	5177.797918  
7465.751436  	4846.05685  	6311.055117  	2270.452012  	5205.619909  
7468.144515  	4811.630025  	6313.333151  	2272.82855  	5173.872253  
7470.166714  	4842.211416  	6307.626037  	2283.2383  	5178.766493  
7466.66738  	4821.814829  	6310.910918  	2261.715738  	5178.082574  
7476.31373  	4826.031903  	6318.526973  	2277.016331  	5183.79968  
7473.868584  	4797.195915  	6316.69102  	2278.265158  	5193.510094  
7465.628789  	4811.583572  	6320.350774  	2270.447566  	5183.788075  
7473.356221  	4811.131579  	6321.361053  	2276.583176  	5207.483124  
7466.479949  	4816.605232  	6324.015933  	2276.117703  	5193.089646  
7476.071835  	4861.489915  	6319.007343  	2274.083452  	5207.604724  
7478.216126  	4813.482094  	6322.160297  	2268.952627  	5163.375  
7479.952866  	4814.333607  	6326.405718  	2286.275465  	5198.727987  
7479.832519  	4805.902045  	6321.474938  	2266.50058  	5191.560383  
7472.124757  	4823.415146  	6317.646861  	2268.743974  	5181.067529  
7473.884273  	4792.063254  	6320.204896  	2273.631258  	5194.354632  
7469.321331  	4812.942809  	6320.310175  	2269.39688  	5172.824638  
7469.619822  	4835.42266  	6321.959923  	2276.07175  	5186.432718  
7471.142654  	4822.536325  	6298.830673  	2270.783429  	5165.871187  
7466.141401  	4807.100314  	6317.624324  	2283.390886  	5163.908084  
7465.71348  	4840.355661  	6329.658735  	2263.185283  	5184.359208  
7457.400533  	4819.268071  	6302.488331  	2270.245506  	5164.11159  
7471.949385  	4799.802813  	6291.000653  	2272.167582  	5185.80152  
7472.256665  	4841.657535  	6313.113173  	2276.276052  	5177.690454  
7480.445609  	4834.590883  	6342.663353  	2275.401648  	5178.253487  
7477.127255  	4838.027553  	6335.169917  	2272.135455  	5187.265623  
7473.795106  	4831.159994  	6329.468644  	2270.537497  	5201.956189  
7466.700163  	4858.807764  	6319.403041  	2274.46188  	5179.477521  
7470.807093  	4826.991527  	6321.616517  	2261.406653  	5177.898683  
7471.79453  	4838.492668  	6314.948468  	2267.546823  	5189.756572  
7457.229842  	4819.844096  	6331.538403  	2272.131423  	5179.395182  
7466.038738  	4837.363337  	6326.262802  	2280.668263  	5196.379684  
7459.447507  	4835.211403  	6324.231417  	2267.529278  	5160.663356  
7458.660264  	4789.945248  	6307.823397  	2264.069979  	5181.793029  
7460.225242  	4823.447439  	6323.001935  	2276.198422  	5174.359654  
7476.822829  	4829.703354  	6323.788242  	2283.278735  	5195.278956  
7467.633525  	4852.150328  	6329.209146  	2275.439815  	5182.664683  
7466.470757  	4804.47365  	6323.23411  	2268.799638  	5189.187566  
7473.967895  	4804.670277  	6305.836929  	2278.360806  	5195.215038  
7470.778785  	4800.358447  	6323.411657  	2265.504339  	5198.467766  
7474.519163  	4823.634878  	6304.755192  	2277.830871  	5196.535426  
7460.373447  	4813.453871  	6327.631196  	2259.806653  	5186.763792  
7464.044582  	4843.758941  	6313.614361  	2276.688848  	5150.079659  
7474.014627  	4830.977481  	6333.696492  	2272.458372  	5193.259404  
7472.383614  	4824.165692  	6314.801259  	2276.802347  	5170.058366  
7471.812969  	4839.712913  	6339.599974  	2279.355189  	5193.885979  
7477.817866  	4832.172189  	6332.740924  	2283.770561  	5212.636188  
7472.633296  	4843.369146  	6319.824485  	2263.909362  	5177.730196  
7475.821232  	4841.793876  	6347.042181  	2265.773086  	5183.447992  
7472.627165  	4864.530012  	6324.855006  	2277.679905  	5202.64821  
7467.173941  	4843.208997  	6325.258807  	2275.263035  	5176.090362  
7475.403284  	4816.487564  	6331.95556  	2290.805215  	5192.369227  
7473.735955  	4806.907249  	6315.114445  	2270.491107  	5168.340879  
7488.472967  	4836.27709  	6326.613754  	2263.713336  	5173.418385  
7486.786617  	4799.990401  	6322.456096  	2274.334454  	5189.666472  
7482.224232  	4799.795561  	6329.214269  	2269.112513  	5171.459515  
7473.909752  	4837.969717  	6323.445795  	2264.109301  	5184.734422  
7467.14471  	4810.517922  	6305.091957  	2272.450277  	5185.885168  
7471.822058  	4803.997192  	6328.749293  	2284.696538  	5179.934805  
7462.068972  	4815.284598  	6310.576514  	2277.361154  	5163.844264  
7459.134414  	4818.617133  	6323.979442  	2264.08231  	5195.430326  
7465.649909  	4847.047436  	6321.868974  	2273.830539  	5182.410322  
7462.390945  	4801.501599  	6324.284635  	2265.501225  	5165.236226  
7459.040516  	4825.187119  	6311.835984  	2262.99492  	5171.716414  
7464.666085  	4811.490065  	6304.813222  	2270.472054  	5178.930028  
7466.74979  	4799.353446  	6306.840444  	2271.32566  	5173.19096  
7473.952977  	4828.859959  	6314.103357  	2288.114063  	5193.804477  
7467.294466  	4817.79542  	6314.3118  	2273.78661  	5192.24732  
7452.703201  	4801.676192  	6313.507108  	2271.891669  	5158.604427  
7459.004925  	4825.141796  	6319.102298  	2269.988258  	5172.508741  
7467.790752  	4826.264631  	6332.645775  	2260.26678  	5157.360287  
7475.750097  	4820.107847  	6314.227702  	2267.595035  	5183.748552  
7462.541877  	4791.681472  	6321.606081  	2275.601137  	5165.713712  
7478.720195  	4845.937933  	6338.113578  	2265.531964  	5183.932121  
7489.78379  	4851.19534  	6312.059429  	2276.425467  	5192.621585  
7491.65859  	4833.628722  	6329.461067  	2277.962063  	5187.22622  
7481.547427  	4837.657299  	6329.385823  	2279.665672  	5168.640495  
7485.00964  	4805.947486  	6312.167608  	2284.315586  	5206.52848  
7491.367921  	4801.117902  	6316.093242  	2270.241695  	5184.591821  
7480.50389  	4836.573187  	6324.44389  	2273.880797  	5185.547267  
7481.96375  	4856.614325  	6340.841043  	2267.10596  	5197.398445  
7468.443536  	4850.684966  	6320.992105  	2279.172817  	5175.326362  
7473.096108  	4840.547667  	6326.817634  	2279.299235  	5183.654984  
7474.011417  	4839.998802  	6322.202756  	2274.999698  	5189.605833  
7476.125709  	4807.367925  	6309.928241  	2260.746845  	5174.856406  
7472.432308  	4826.936583  	6334.175736  	2273.23003  	5187.479066  
7473.19344  	4802.361791  	6312.630267  	2271.774642  	5197.060277  
7468.602152  	4813.101054  	6313.932448  	2267.927172  	5190.106377  
7470.544065  	4825.416798  	6327.012715  	2268.938038  	5169.075257  
7457.975389  	4812.527304  	6302.508111  	2269.562748  	5179.750558  
7471.382638  	4820.651066  	6324.814013  	2269.818391  	5170.210957  
7485.881453  	4793.631435  	6318.668223  	2273.637521  	5184.679451  
7488.909705  	4786.499341  	6311.787636  	2275.892517  	5202.483858  
7487.265786  	4833.998129  	6335.717358  	2278.053541  	5185.175163  
7473.442415  	4800.828307  	6324.651952  	2271.30483  	5159.041647  
7463.282987  	4810.259671  	6338.034884  	2260.48754  	5155.408239  
7462.495556  	4829.932899  	6326.199089  	2281.594991  	5210.291285  
7471.723865  	4831.203292  	6325.38635  	2278.102093  	5189.458225  
7467.835722  	4849.682848  	6327.357705  	2270.098741  	5201.921556  
7472.543736  	4853.867045  	6333.575276  	2264.288726  	5179.663196  
7463.412364  	4847.608065  	6336.691622  	2270.789375  	5190.679819  
7466.096284  	4828.449129  	6328.325326  	2272.415897  	5181.497836  
7464.280123  	4816.688282  	6326.939736  	2270.647759  	5197.996822  
7462.408294  	4803.634429  	6311.513997  	2268.470516  	5176.925729  
7480.264065  	4815.800836  	6316.566143  	2272.451172  	5176.501183  
7467.322554  	4827.80191  	6322.340988  	2276.845936  	5177.329154  
7464.235443  	4824.924277  	6323.745977  	2283.292064  	5182.889234  
7466.399793  	4813.574762  	6310.612573  	2269.894626  	5155.289691  
7458.172528  	4823.486813  	6332.15298  	2272.424225  	5178.422154  
7464.950458  	4820.373321  	6311.990787  	2273.173334  	5191.133317  
7463.997691  	4829.351617  	6327.32897  	2267.032293  	5176.218632  
7463.790235  	4803.552041  	6311.213897  	2276.195054  	5188.418359  
7463.647646  	4847.08171  	6316.396385  	2276.127459  	5155.855173  
7468.798419  	4812.834479  	6318.409605  	2278.328274  	5201.919611  
7478.170956  	4828.80045  	6328.598497  	2266.211892  	5175.272586  
7462.853243  	4829.633378  	6325.863652  	2263.12807  	5181.41863  
7467.140532  	4838.31249  	6333.572907  	2269.879538  	5165.960238  
7472.045675  	4851.772902  	6318.518939  	2269.34885  	5190.468723  
7471.178215  	4816.514668  	6310.355403  	2274.444144  	5178.736061  
7479.27813  	4832.845549  	6320.396725  	2270.368906  	5186.902273  
