Participant p003visit number -1
Stimuli number 1
Scanner Trigger at time 9000
run_number	trial_number	trial_type	outcome_type	side_type	left_stim	right_stim	stim_onset	choice_onset	interval_onset	outcome_onset	ITI_onset	button_pressed	side_chosen	trial_outcome	total	reaction_time	win_out	loss_out
1	1	1	1	0	D	A	12	32	2151	3182	5199	7	1	0	1	2116	0	
1	2	2	1	1	C	H	6221	6232	7391	8416	10431	8	0	0	1	1159		0
1	3	2	1	0	H	C	11453	11464	12196	13233	15248	8	0	-1	0.8	730		1
1	4	1	0	1	A	D	16269	16281	16777	17813	19831	7	1	0	0.8	495	1	
1	5	1	1	1	A	D	20854	20864	21367	22395	24414	7	1	1	1	503	1	
1	6	2	1	0	H	C	25437	25447	25840	26862	28880	7	1	0	1	393		0
1	7	2	1	1	C	H	29902	29913	30222	31245	33263	7	1	-1	0.8	309		1
1	8	1	1	0	D	A	34284	34296	34583	35613	37629	8	0	1	1	287	1	
1	9	2	0	1	C	H	38651	38662	39043	40080	42095	8	0	-1	0.8	380		0
1	10	1	1	1	A	D	43117	43128	43450	44478	46495	8	0	0	0.8	321	0	
1	11	2	1	0	H	C	47516	47528	47739	48760	50778	8	0	-1	0.6	210		1
1	12	1	0	0	D	A	51799	51811	52180	53210	55227	7	1	1	0.8	369	0	
1	13	1	1	1	A	D	56249	56261	56606	57643	59660	7	1	1	1	345	1	
1	14	2	0	0	H	C	60682	60693	61046	62077	64093	7	1	-1	0.8	352		0
1	15	2	1	1	C	H	65116	65126	65463	66493	68510	7	1	-1	0.6	336		1
1	16	1	1	0	D	A	69531	69543	69916	70941	72959	7	1	0	0.6	373	0	
1	17	2	0	1	C	H	73981	73992	74264	75292	77309	8	0	-1	0.4	271		0
1	18	1	1	1	A	D	78331	78342	78676	79708	81725	7	1	1	0.6	334	1	
1	19	2	1	0	H	C	82747	82758	83067	84091	86108	7	1	0	0.6	308		0
1	20	1	1	1	A	D	87130	87141	87451	88473	90491	7	1	1	0.8	309	1	
1	21	2	1	0	H	C	91513	91524	91879	92907	94924	7	1	0	0.8	354		0
1	22	1	1	0	D	A	95946	95957	96310	97340	99357	7	1	0	0.8	353	0	
1	23	2	0	1	C	H	100379	100390	100704	101740	103757	7	1	0	0.8	314		1
1	24	2	1	1	C	H	104780	104790	105150	106172	108190	7	1	-1	0.6	360		1
1	25	1	0	0	D	A	109211	109223	109840	110871	112889	8	0	0	0.6	617	1	
1	26	1	1	1	A	D	113911	113922	114295	115321	117339	7	1	1	0.8	372	1	
1	27	2	1	0	H	C	118360	118372	119106	120138	122155	7	1	0	0.8	734		0
1	28	1	1	0	D	A	123177	123188	123940	124971	126988	7	1	0	0.8	752	0	
1	29	2	1	1	C	H	128010	128021	128361	129386	131404	7	1	-1	0.6	340		1
1	30	1	0	1	A	D	132427	132437	132933	133970	135987	7	1	0	0.6	495	1	
1	31	2	1	0	H	C	137010	137020	137473	138504	140520	7	1	0	0.6	452		0
1	32	2	0	0	H	C	141543	141553	141992	143018	145036	7	1	-1	0.4	438		0
1	33	1	1	1	A	D	146058	146069	146693	147718	149736	8	0	0	0.4	623	0	
1	34	1	0	0	D	A	150758	150769	151084	152118	154136	7	1	1	0.6	314	0	
1	35	2	1	1	C	H	155158	155169	155654	156684	158702	7	1	-1	0.4	485		1
1	36	1	1	1	A	D	159724	159735	160152	161184	163201	8	0	0	0.4	417	0	
1	37	2	0	0	H	C	164224	164234	164558	165583	167601	7	1	-1	0.2	323		0
1	38	1	1	0	D	A	168623	168634	169054	170083	172101	7	1	0	0.2	419	0	
1	39	2	1	1	C	H	173123	173134	173464	174500	176517	8	0	0	0.2	330		0
1	40	1	1	0	D	A	177539	177550	178435	179467	181483	7	1	0	0.2	885	0	
1	41	1	0	1	A	D	182505	182516	183264	184299	186316	7	1	0	0.2	747	1	
1	42	2	1	0	H	C	187338	187349	187766	188798	190816	7	1	0	0.2	416		0
1	43	1	1	0	D	A	191838	191849	192411	193431	195449	7	1	0	0.2	562	0	
1	44	2	0	1	C	H	196471	196482	197548	198581	200598	7	1	0	0.2	1066		1
1	45	2	1	1	C	H	201622	201631	203007	204031	206048	8	0	0	0.2	1375		0
1	46	1	1	0	D	A	207070	207081	207437	208463	210481	8	0	1	0.4	356	1	
1	47	2	1	0	H	C	211503	211514	212813	213846	215864	7	1	0	0.4	1299		0
1	48	2	1	1	C	H	216885	216897	217647	218681	220696	8	0	0	0.4	750		0
1	49	1	0	1	A	D	221719	221729	222434	223462	225479	8	0	1	0.6	704	0	
1	50	1	1	0	D	A	226501	226512	227172	228196	230212	8	0	1	0.8	659	1	
1	51	2	1	0	H	C	231234	231245	231884	232911	234929	7	1	0	0.8	638		0
1	52	2	0	1	C	H	235951	235962	236602	237627	239645	8	0	-1	0.6	640		0
1	53	1	1	1	A	D	240667	240678	241717	242743	244761	8	0	0	0.6	1039	0	
1	54	1	1	1	A	D	245785	245794	245932	246960	248977	8	0	0	0.6	137	0	
1	55	2	1	0	H	C	250000	250010	250870	251894	253910	7	1	0	0.6	859		0
1	56	1	1	0	D	A	254932	254943	255271	256293	258310	7	1	0	0.6	327	0	
1	57	1	0	1	A	D	259332	259343	261500	262525	264543	8	0	1	0.8	2157	0	
1	58	2	0	0	H	C	265565	265576	266726	267758	269775	7	1	-1	0.6	1150		0
1	59	2	1	1	C	H	270798	270809	272368	273391	275408	7	1	-1	0.4	1559		1
1	60	1	0	0	D	A	276430	276441	279147	280173	282191	7	1	1	0.6	2705	0	
2	1	1	1	0	X	K	286509	286524	288647	289673	291690	8	0	1	1.2	2123	1	
2	2	2	1	1	N	P	292713	292723	293502	294521	296540	7	1	-1	1	778		1
2	3	2	1	0	P	N	297562	297573	298129	299155	301173	8	0	-1	0.8	555		1
2	4	1	0	1	K	X	302195	302206	305202	306237	308255	8	0	1	1	2996	0	
2	5	1	1	1	K	X	309280	309289	309349	310370	312388	8	0	0	1	60	0	
2	6	2	1	0	P	N	313412	313422	316894	317919	319938	8	0	-1	0.8	3472		1
2	7	2	1	1	N	P	320960	320971	321499	322520	324537	8	0	0	0.8	527		0
2	8	1	1	0	X	K	325560	325570	328102	329135	331153	8	0	1	1	2531	1	
2	9	2	0	1	N	P	332176	332187	334386	335418	337436	8	0	-1	0.8	2199		0
2	10	1	1	1	K	X	338459	338469	338645	339667	341686	7	1	1	1	175	1	
2	11	2	1	0	P	N	342708	342719	345518	346550	348569	8	0	-1	0.8	2798		1
2	12	1	0	0	X	K	349591	349602	351663	352683	354701	7	1	1	1	2061	0	
2	13	1	1	1	K	X	355723	355734	358236	359266	361284	7	1	1	1.2	2501	1	
2	14	2	0	0	P	N	362306	362317	363125	364148	366167	7	1	-1	1	807		0
2	15	2	1	1	N	P	367189	367200	367613	368649	370667	7	1	-1	0.8	412		1
2	16	1	1	0	X	K	371689	371700	372168	373199	375216	7	1	0	0.8	467	0	
2	17	2	0	1	N	P	376238	376249	378636	379666	381682	7	1	0	0.8	2386		1
2	18	1	1	1	K	X	382704	382715	385548	386580	388598	7	1	1	1	2832	1	
2	19	2	1	0	P	N	389620	389632	391775	392797	394815	7	1	0	1	2143		0
2	20	1	1	1	K	X	395836	395848	396915	397946	399964	7	1	1	1.2	1067	1	
2	21	2	1	0	P	N	400986	400997	403006	404029	406047	7	1	0	1.2	2008		0
2	22	1	1	0	X	K	407070	407080	409711	410746	412763	7	1	0	1.2	2630	0	
2	23	2	0	1	N	P	413786	413796	414140	415162	417179	7	1	0	1.2	343		1
2	24	2	1	1	N	P	418203	418212	418719	419744	421762	7	1	-1	1	506		1
2	25	1	0	0	X	K	422784	422795	425279	426312	428328	7	1	1	1.2	2483	0	
2	26	1	1	1	K	X	429350	429361	431743	432778	434794	7	1	1	1.4	2381	1	
2	27	2	1	0	P	N	435817	435828	436507	437543	439561	8	0	-1	1.2	679		1
2	28	1	1	0	X	K	440583	440594	441323	442359	444377	7	1	0	1.2	728	0	
2	29	2	1	1	N	P	445400	445410	446129	447158	449177	7	1	-1	1	718		1
2	30	1	0	1	K	X	450199	450210	451108	452141	454159	7	1	0	1	898	1	
2	31	2	1	0	P	N	455181	455192	455394	456425	458442	7	1	0	1	201		0
2	32	2	0	0	P	N	459466	459475	459634	460656	462675	7	1	-1	0.8	158		0
2	33	1	1	1	K	X	463697	463708	464180	465207	467225	8	0	0	0.8	471	0	
2	34	1	0	0	X	K	468247	468258	470442	471473	473491	7	1	1	1	2183	0	
2	35	2	1	1	N	P	474513	474524	475191	476222	478241	7	1	-1	0.8	666		1
2	36	1	1	1	K	X	479263	479274	480064	481089	483107	7	1	1	1	789	1	
2	37	2	0	0	P	N	484129	484140	488232	489256	491273	7	1	-1	0.8	4091		0
2	38	1	1	0	X	K	492295	492306	496287	497322	499339	7	1	0	0.8	3980	0	
2	39	2	1	1	N	P	500361	500372	503107	504137	506155	7	1	-1	0.6	2734		1
2	40	1	1	0	X	K	507178	507188	509015	510037	512054	7	1	0	0.6	1826	0	
2	41	1	0	1	K	X	513076	513087	515389	516421	518437	7	1	0	0.6	2301	1	
2	42	2	1	0	P	N	519460	519470	520595	521620	523637	7	1	0	0.6	1124		0
2	43	1	1	0	X	K	524659	524670	525034	526069	528086	8	0	1	0.8	363	1	
2	44	2	0	1	N	P	529108	529119	529514	530534	532553	8	0	-1	0.6	394		0
2	45	2	1	1	N	P	533577	533586	534186	535218	537236	7	1	-1	0.4	599		1
2	46	1	1	0	X	K	538257	538269	540523	541551	543568	8	0	1	0.6	2253	1	
2	47	2	1	0	P	N	544590	544601	545025	546050	548068	8	0	-1	0.4	423		1
2	48	2	1	1	N	P	549090	549101	549510	550533	552551	8	0	0	0.4	408		0
2	49	1	0	1	K	X	553573	553584	554338	555367	557384	8	0	1	0.6	753	0	
2	50	1	1	0	X	K	558406	558417	560027	561051	563067	8	0	1	0.8	1609	1	
2	51	2	1	0	P	N	564088	564100	564268	565299	567316	8	0	-1	0.6	167		1
2	52	2	0	1	N	P	568338	568349	569465	570498	572516	7	1	0	0.6	1115		1
2	53	1	1	1	K	X	573538	573549	574583	575615	577632	7	1	1	0.8	1033	1	
2	54	1	1	1	K	X	578656	578665	580004	581031	583048	7	1	1	1	1338	1	
2	55	2	1	0	P	N	584070	584081	584470	585497	587515	7	1	0	1	388		0
2	56	1	1	0	X	K	588536	588548	591316	592347	594364	7	1	0	1	2767	0	
2	57	1	0	1	K	X	595386	595397	595801	596830	598847	7	1	0	1	404	1	
2	58	2	0	0	P	N	599869	599880	600310	601344	603363	7	1	-1	0.8	429		0
2	59	2	1	1	N	P	604385	604396	605158	606179	608196	7	1	-1	0.6	761		1
2	60	1	0	0	X	K	609218	609229	609600	610628	612646	7	1	1	0.8	371	0	
3	1	2	1	0	I	F	617230	617245	618989	620009	622028	7	1	0	1	1744		0
3	2	1	1	1	E	G	623052	623061	623351	624377	626394	8	0	0	1	290	0	
3	3	1	1	0	G	E	627417	627428	628727	629760	631777	7	1	0	1	1298	0	
3	4	2	0	1	F	I	632800	632810	635109	636142	638160	8	0	-1	0.8	2298		0
3	5	2	1	1	F	I	639184	639193	639764	640793	642810	7	1	-1	0.6	570		1
3	6	1	1	0	G	E	643832	643843	644223	645260	647276	7	1	0	0.6	379	0	
3	7	1	1	1	E	G	648298	648309	649520	650542	652559	8	0	0	0.6	1210	0	
3	8	2	1	0	I	F	653581	653592	653827	654857	656875	8	0	-1	0.4	234		1
3	9	1	0	1	E	G	657898	657908	658237	659257	661275	8	0	1	0.6	328	0	
3	10	2	1	1	F	I	662297	662308	663507	664541	666558	8	0	0	0.6	1198		0
3	11	1	1	0	G	E	667580	667591	668675	669706	671724	8	0	1	0.8	1084	1	
3	12	2	0	0	I	F	672746	672757	673820	674856	676873	8	0	0	0.8	1062		1
3	13	2	1	1	F	I	677895	677906	681401	682423	684439	8	0	0	0.8	3493		0
3	14	1	0	0	G	E	685461	685472	688074	689105	691122	8	0	0	0.8	2601	1	
3	15	1	1	1	E	G	692144	692155	693123	694155	696172	8	0	0	0.8	968	0	
3	16	2	1	0	I	F	697194	697205	697259	698287	700305	8	0	-1	0.6	53		1
3	17	1	0	1	E	G	701326	701338	703191	704220	706238	8	0	1	0.8	1853	0	
3	18	2	1	1	F	I	707259	707271	708593	709619	711637	8	0	0	0.8	1321		0
3	19	1	1	0	G	E	712659	712670	713170	714202	716220	8	0	1	1	499	1	
3	20	2	1	1	F	I	717242	717253	717682	718718	720736	8	0	0	1	429		0
3	21	1	1	0	G	E	721758	721769	722567	723601	725619	8	0	1	1.2	797	1	
3	22	2	1	0	I	F	726642	726652	728320	729350	731369	8	0	-1	1	1667		1
3	23	1	0	1	E	G	732391	732402	734466	735500	737518	8	0	1	1.2	2064	0	
3	24	1	1	1	E	G	738542	738551	742299	743333	745351	8	0	0	1.2	3747	0	
3	25	2	0	0	I	F	746373	746384	748964	750000	752017	8	0	0	1.2	2580		1
3	26	2	1	1	F	I	753039	753050	753434	754464	756483	7	1	-1	1	384		1
3	27	1	1	0	G	E	757505	757516	758664	759697	761716	8	0	1	1.2	1148	1	
3	28	2	1	0	I	F	762738	762749	763744	764765	766782	7	1	0	1.2	994		0
3	29	1	1	1	E	G	767804	767815	768130	769165	771182	7	1	1	1.4	314	1	
3	30	2	0	1	F	I	772204	772215	773256	774281	776298	7	1	0	1.4	1041		1
3	31	1	1	0	G	E	777321	777331	777664	778697	780714	7	1	0	1.4	332	0	
3	32	1	0	0	G	E	781738	781747	783635	784663	786681	7	1	1	1.6	1887	0	
3	33	2	1	1	F	I	787703	787714	788190	789213	791230	7	1	-1	1.4	476		1
3	34	2	0	0	I	F	792253	792263	794995	796028	798046	8	0	0	1.4	2732		1
3	35	1	1	1	E	G	799068	799079	802475	803495	805512	8	0	0	1.4	3394	0	
3	36	2	1	1	F	I	806534	806545	807948	808978	810995	8	0	0	1.4	1402		0
3	37	1	0	0	G	E	812017	812028	812296	813328	815345	8	0	0	1.4	267	1	
3	38	2	1	0	I	F	816367	816378	816664	817693	819711	8	0	-1	1.2	286		1
3	39	1	1	1	E	G	820733	820744	821446	822476	824494	8	0	0	1.2	702	0	
3	40	2	1	0	I	F	825516	825527	828329	829358	831377	8	0	-1	1	2802		1
3	41	2	0	1	F	I	832399	832410	835220	836241	838259	8	0	-1	0.8	2810		0
3	42	1	1	0	G	E	839281	839292	840311	841340	843359	8	0	1	1	1018	1	
3	43	2	1	0	I	F	844381	844392	846369	847389	849408	8	0	-1	0.8	1977		1
3	44	1	0	1	E	G	850430	850441	851144	852173	854191	8	0	1	1	702	0	
3	45	1	1	1	E	G	855215	855224	855818	856839	858858	8	0	0	1	593	0	
3	46	2	1	0	I	F	859880	859891	861883	862905	864924	8	0	-1	0.8	1992		1
3	47	1	1	0	G	E	865946	865957	867680	868705	870723	8	0	1	1	1723	1	
3	48	1	1	1	E	G	871746	871756	872861	873888	875906	8	0	0	1	1104	0	
3	49	2	0	1	F	I	876929	876939	878245	879271	881289	8	0	-1	0.8	1305		0
3	50	2	1	0	I	F	882311	882322	883883	884905	886922	8	0	-1	0.6	1561		1
3	51	1	1	0	G	E	887944	887955	888027	889054	891071	8	0	1	0.8	72	1	
3	52	1	0	1	E	G	892093	892104	893931	894953	896971	7	1	0	0.8	1826	1	
3	53	2	1	1	F	I	897993	898004	900629	901654	903670	8	0	0	0.8	2625		0
3	54	2	1	1	F	I	904695	904703	905273	906303	908320	8	0	0	0.8	569		0
3	55	1	1	0	G	E	909342	909353	909615	910637	912653	8	0	1	1	262	1	
3	56	2	1	0	I	F	913675	913686	916233	917267	919286	8	0	-1	0.8	2547		1
3	57	2	0	1	F	I	920308	920319	923223	924251	926268	8	0	-1	0.6	2904		0
3	58	1	0	0	G	E	927291	927301	927622	928651	930668	8	0	0	0.6	320	1	
3	59	1	1	1	E	G	931690	931701	931742	932768	934784	8	0	0	0.6	41	0	
3	60	2	0	0	I	F	935807	935817	938023	939050	941067	8	0	0	0.6	2205		1
Total money won 2
