Participant P005visit number -1
Stimuli number 1
Scanner Trigger at time 30000
run_number	trial_number	trial_type	outcome_type	side_type	left_stim	right_stim	stim_onset	choice_onset	interval_onset	outcome_onset	ITI_onset	button_pressed	side_chosen	trial_outcome	total	reaction_time	win_out	loss_out
1	1	1	1	0	D	A	13	30	2768	3800	5813	7	1	0	1	2735	0	
1	2	2	1	1	H	C	6836	6846	8839	9869	11879	7	1	-1	0.8	1993		1
1	3	2	1	0	C	H	12901	12912	14278	15313	17329	7	1	0	0.8	1365		0
1	4	1	0	1	A	D	18351	18362	20459	21497	23512	7	1	0	0.8	2097	1	
1	5	1	1	1	A	D	24535	24545	26158	27195	29211	7	1	1	1	1613	1	
1	6	2	1	0	C	H	30235	30244	31845	32887	34894	7	1	0	1	1601		0
1	7	2	1	1	H	C	35916	35927	37509	38545	40560	8	0	0	1	1582		0
1	8	1	1	0	D	A	41582	41593	42997	44027	46043	8	0	1	1.2	1404	1	
1	9	2	0	1	H	C	47065	47076	48565	49593	51609	8	0	-1	1	1489		0
1	10	1	1	1	A	D	52631	53592	54996	56026	58042	7	1	1	1.2	1404	1	
1	11	2	1	0	C	H	59065	59075	61361	62393	64408	7	1	0	1.2	2286		0
1	12	1	0	0	D	A	65430	65441	66448	67476	69491	8	0	0	1.2	1007	1	
1	13	1	1	1	A	D	70513	70524	72084	73110	75124	7	1	1	1.4	1560	1	
1	14	2	0	0	C	H	76146	76157	78074	79108	81123	7	1	-1	1.2	1917		0
1	15	2	1	1	H	C	82146	82156	84128	85157	87172	8	0	0	1.2	1971		0
1	16	1	1	0	D	A	88195	88206	89449	90474	92489	8	0	1	1.4	1243	1	
1	17	2	0	1	H	C	93511	93522	94913	95939	97955	8	0	-1	1.2	1391		0
1	18	1	1	1	A	D	98978	98988	100121	101156	103171	7	1	1	1.4	1133	1	
1	19	2	1	0	C	H	104194	104205	108804	109838	111854	8	0	-1	1.2	4599		1
1	20	1	1	1	A	D	112876	112887	113584	114621	116637	7	1	1	1.4	697	1	
1	21	2	1	0	C	H	117659	117670	120192	121221	123236	7	1	0	1.4	2521		0
1	22	1	1	0	D	A	124259	124269	125369	126404	128419	8	0	1	1.6	1099	1	
1	23	2	0	1	H	C	129442	129452	132791	133820	135835	7	1	0	1.6	3338		1
1	24	2	1	1	H	C	136859	136868	138452	139486	141501	7	1	-1	1.4	1583		1
1	25	1	0	0	D	A	142524	142535	143249	144286	146301	8	0	0	1.4	714	1	
1	26	1	1	1	A	D	147323	147334	148793	149821	151834	7	1	1	1.6	1459	1	
1	27	2	1	0	C	H	152856	152867	157933	158968	160983	7	1	0	1.6	5066		0
1	28	1	1	0	D	A	162006	162016	162642	163668	165683	8	0	1	1.8	626	1	
1	29	2	1	1	H	C	166706	166716	169366	170403	172415	8	0	0	1.8	2650		0
1	30	1	0	1	A	D	173438	173449	174422	175450	177465	7	1	0	1.8	973	1	
1	31	2	1	0	C	H	178487	178498	183055	184083	186098	7	1	0	1.8	4557		0
1	32	2	0	0	C	H	187122	187131	189327	190365	192380	7	1	-1	1.6	2196		0
1	33	1	1	1	A	D	193403	193413	194048	195081	197097	7	1	1	1.8	634	1	
1	34	1	0	0	D	A	198119	198130	198846	199881	201896	8	0	0	1.8	716	1	
1	35	2	1	1	H	C	202919	202929	204862	205897	207912	8	0	0	1.8	1932		0
1	36	1	1	1	A	D	208935	208945	209552	210581	212595	7	1	1	2	606	1	
1	37	2	0	0	C	H	213618	213628	216850	217879	219895	8	0	0	2	3221		1
1	38	1	1	0	D	A	220917	220928	221768	222797	224811	8	0	1	2.2	840	1	
1	39	2	1	1	H	C	225833	225844	228302	229327	231344	7	1	-1	2	2458		1
1	40	1	1	0	D	A	232367	232377	233026	234060	236077	8	0	1	2.2	649	1	
1	41	1	0	1	A	D	237099	237110	237816	238847	240860	7	1	0	2.2	706	1	
1	42	2	1	0	C	H	241882	241893	245737	246761	248775	7	1	0	2.2	3844		0
1	43	1	1	0	D	A	249798	249809	250449	251476	253492	8	0	1	2.4	640	1	
1	44	2	0	1	H	C	254514	254525	256791	257825	259841	8	0	-1	2.2	2266		0
1	45	2	1	1	H	C	260866	260874	263078	264108	266124	8	0	0	2.2	2204		0
1	46	1	1	0	D	A	267147	267157	267872	268908	270924	8	0	1	2.4	715	1	
1	47	2	1	0	C	H	271946	271957	273943	274974	276990	7	1	0	2.4	1986		0
1	48	2	1	1	H	C	278012	278023	280045	281073	283089	7	1	-1	2.2	2022		1
1	49	1	0	1	A	D	284112	284122	284708	285739	287755	7	1	0	2.2	585	1	
1	50	1	1	0	D	A	288778	288788	289586	290623	292638	8	0	1	2.4	797	1	
1	51	2	1	0	C	H	293661	293671	296618	297656	299671	7	1	0	2.4	2946		0
1	52	2	0	1	H	C	300694	300704	302473	303505	305521	8	0	-1	2.2	1768		0
1	53	1	1	1	A	D	306543	306554	307110	308138	310153	7	1	1	2.4	556	1	
1	54	1	1	1	A	D	311178	311187	311770	312805	314820	7	1	1	2.6	583	1	
1	55	2	1	0	C	H	315842	315853	317237	318270	320286	7	1	0	2.6	1384		0
1	56	1	1	0	D	A	321308	321319	321983	323021	325036	8	0	1	2.8	664	1	
1	57	1	0	1	A	D	326058	326069	326535	327569	329585	7	1	0	2.8	466	1	
1	58	2	0	0	C	H	330608	330618	332278	333302	335318	7	1	-1	2.6	1659		0
1	59	2	1	1	H	C	336340	336351	338212	339235	341251	8	0	0	2.6	1861		0
1	60	1	0	0	D	A	342273	342284	342919	343952	345967	8	0	0	2.6	635	1	
2	1	1	1	0	X	K	376949	376964	379068	380098	382114	7	1	0	1	2103	0	
2	2	2	1	1	P	N	383137	383147	385127	386164	388180	7	1	-1	0.8	1980		1
2	3	2	1	0	N	P	389202	389213	390470	391497	393513	7	1	0	0.8	1256		0
2	4	1	0	1	K	X	394535	394546	397393	398430	400446	7	1	0	0.8	2847	1	
2	5	1	1	1	K	X	401470	401479	404906	405930	407945	8	0	0	0.8	3427	0	
2	6	2	1	0	N	P	408967	408978	410087	411113	413128	7	1	0	0.8	1108		0
2	7	2	1	1	P	N	414150	414161	415723	416753	418761	8	0	0	0.8	1562		0
2	8	1	1	0	X	K	419783	419794	421193	422227	424244	8	0	1	1	1399	1	
2	9	2	0	1	P	N	425266	425277	427481	428509	430526	8	0	-1	0.8	2204		0
2	10	1	1	1	K	X	431549	431559	432483	433510	435526	7	1	1	1	923	1	
2	11	2	1	0	N	P	436548	436559	439201	440226	442242	7	1	0	1	2641		0
2	12	1	0	0	X	K	443264	443275	444182	445210	447225	8	0	0	1	906	1	
2	13	1	1	1	K	X	448248	448258	448932	449958	451974	7	1	1	1.2	673	1	
2	14	2	0	0	N	P	452997	453008	454833	455857	457874	7	1	-1	1	1825		0
2	15	2	1	1	P	N	458896	458907	460979	462008	464023	8	0	0	1	2071		0
2	16	1	1	0	X	K	465046	465056	465921	466957	468973	8	0	1	1.2	864	1	
2	17	2	0	1	P	N	469995	470006	472569	473605	475622	8	0	-1	1	2562		0
2	18	1	1	1	K	X	476645	476655	477384	478407	480422	7	1	1	1.2	728	1	
2	19	2	1	0	N	P	481444	481455	483387	484422	486438	7	1	0	1.2	1931		0
2	20	1	1	1	K	X	487461	487471	489047	490072	492088	7	1	1	1.4	1575	1	
2	21	2	1	0	N	P	493110	493121	495640	496671	498687	7	1	0	1.4	2519		0
2	22	1	1	0	X	K	499710	499720	500786	501821	503837	8	0	1	1.6	1065	1	
2	23	2	0	1	P	N	504859	504870	507375	508403	510419	7	1	0	1.6	2505		1
2	24	2	1	1	P	N	511443	511452	513225	514253	516269	7	1	-1	1.4	1772		1
2	25	1	0	0	X	K	517292	517302	517951	518985	521002	8	0	0	1.4	648	1	
2	26	1	1	1	K	X	522024	522035	523225	524253	526268	7	1	1	1.6	1189	1	
2	27	2	1	0	N	P	527291	527301	530044	531068	533084	7	1	0	1.6	2742		0
2	28	1	1	0	X	K	534107	534117	534737	535769	537784	8	0	1	1.8	619	1	
2	29	2	1	1	P	N	538806	538817	542349	543384	545400	7	1	-1	1.6	3532		1
2	30	1	0	1	K	X	546423	546433	547216	548250	550266	7	1	0	1.6	783	1	
2	31	2	1	0	N	P	551289	551299	553324	554350	556365	7	1	0	1.6	2024		0
2	32	2	0	0	N	P	557389	557398	559515	560549	562565	7	1	-1	1.4	2116		0
2	33	1	1	1	K	X	563588	563598	564266	565299	567314	7	1	1	1.6	667	1	
2	34	1	0	0	X	K	568337	568347	569163	570198	572214	8	0	0	1.6	815	1	
2	35	2	1	1	P	N	573236	573247	576798	577832	579847	8	0	0	1.6	3550		0
2	36	1	1	1	K	X	580869	580880	582429	583464	585480	7	1	1	1.8	1548	1	
2	37	2	0	0	N	P	586502	586513	588783	589813	591829	7	1	-1	1.6	2270		0
2	38	1	1	0	X	K	592852	592862	593692	594730	596745	8	0	1	1.8	829	1	
2	39	2	1	1	P	N	597768	597778	602000	603029	605044	8	0	0	1.8	4221		0
2	40	1	1	0	X	K	606067	606078	606672	607694	609711	8	0	1	2	594	1	
2	41	1	0	1	K	X	610734	610744	613460	614494	616510	7	1	0	2	2715	1	
2	42	2	1	0	N	P	617533	617543	619160	620193	622210	8	0	-1	1.8	1616		1
2	43	1	1	0	X	K	623232	623243	623921	624943	626959	8	0	1	2	677	1	
2	44	2	0	1	P	N	627982	627992	630713	631742	633759	8	0	-1	1.8	2720		0
2	45	2	1	1	P	N	634783	634792	637985	639010	641025	7	1	-1	1.6	3192		1
2	46	1	1	0	X	K	642048	642058	642652	643677	645691	8	0	1	1.8	593	1	
2	47	2	1	0	N	P	646714	646724	652158	653191	655207	7	1	0	1.8	5433		0
2	48	2	1	1	P	N	656229	656240	660672	661708	663723	8	0	0	1.8	4431		0
2	49	1	0	1	K	X	664745	664756	665366	666390	668406	7	1	0	1.8	609	1	
2	50	1	1	0	X	K	669428	669439	670047	671072	673089	8	0	1	2	607	1	
2	51	2	1	0	N	P	674112	674122	676581	677605	679621	7	1	0	2	2458		0
2	52	2	0	1	P	N	680644	680654	682630	683654	685671	8	0	-1	1.8	1975		0
2	53	1	1	1	K	X	686693	686704	687366	688387	690404	7	1	1	2	661	1	
2	54	1	1	1	K	X	691428	691437	692310	693338	695352	7	1	1	2.2	872	1	
2	55	2	1	0	N	P	696378	696386	698956	699987	702003	7	1	0	2.2	2569		0
2	56	1	1	0	X	K	703025	703036	703889	704920	706936	8	0	1	2.4	852	1	
2	57	1	0	1	K	X	707958	707969	708476	709503	711519	7	1	0	2.4	506	1	
2	58	2	0	0	N	P	712541	712552	713833	714869	716885	7	1	-1	2.2	1280		0
2	59	2	1	1	P	N	717907	717918	719549	720585	722601	8	0	0	2.2	1630		0
2	60	1	0	0	X	K	723624	723634	724156	725186	727201	8	0	0	2.2	521	1	
3	1	1	1	0	G	E	785264	785279	789362	790396	792412	8	0	1	1.2	4083	1	
3	2	2	1	1	I	F	793437	793445	795979	797012	799028	8	0	0	1.2	2534		0
3	3	2	1	0	F	I	800050	800061	801230	802262	804277	7	1	0	1.2	1169		0
3	4	1	0	1	E	G	805300	805310	806594	807628	809643	7	1	0	1.2	1284	1	
3	5	1	1	1	E	G	810667	810676	811384	812410	814426	7	1	1	1.4	707	1	
3	6	2	1	0	F	I	815449	815459	816415	817443	819459	7	1	0	1.4	956		0
3	7	2	1	1	I	F	820482	820492	821166	822193	824209	8	0	0	1.4	674		0
3	8	1	1	0	G	E	825231	825242	826002	827027	829042	8	0	1	1.6	760	1	
3	9	2	0	1	I	F	830065	830075	831649	832674	834691	8	0	-1	1.4	1574		0
3	10	1	1	1	E	G	835714	835724	836582	837608	839624	7	1	1	1.6	858	1	
3	11	2	1	0	F	I	840647	840657	841539	842574	844590	7	1	0	1.6	882		0
3	12	1	0	0	G	E	845613	845623	846657	847691	849707	8	0	0	1.6	1034	1	
3	13	1	1	1	E	G	850729	850740	851278	852307	854323	7	1	1	1.8	538	1	
3	14	2	0	0	F	I	855345	855356	856948	857973	859989	7	1	-1	1.6	1591		0
3	15	2	1	1	I	F	861011	861022	861699	862723	864739	8	0	0	1.6	677		0
3	16	1	1	0	G	E	865761	865772	866990	868022	870038	8	0	1	1.8	1218	1	
3	17	2	0	1	I	F	871060	871071	872676	873705	875721	8	0	-1	1.6	1605		0
3	18	1	1	1	E	G	876744	876754	877537	878571	880587	7	1	1	1.8	783	1	
3	19	2	1	0	F	I	881611	881620	883854	884888	886903	8	0	-1	1.6	2234		1
3	20	1	1	1	E	G	887926	887936	888723	889754	891770	7	1	1	1.8	786	1	
3	21	2	1	0	F	I	892793	892803	894536	895570	897586	7	1	0	1.8	1733		0
3	22	1	1	0	G	E	898608	898619	899363	900386	902402	8	0	1	2	743	1	
3	23	2	0	1	I	F	903425	903435	906008	907036	909051	7	1	0	2	2573		1
3	24	2	1	1	I	F	910075	910084	911856	912884	914901	7	1	-1	1.8	1770		1
3	25	1	0	0	G	E	915923	915934	916625	917651	919667	8	0	0	1.8	691	1	
3	26	1	1	1	E	G	920690	920700	921288	922317	924333	7	1	1	2	588	1	
3	27	2	1	0	F	I	925357	925366	930108	931133	933149	7	1	0	2	4741		0
3	28	1	1	0	G	E	934172	934182	934890	935916	937932	8	0	1	2.2	707	1	
3	29	2	1	1	I	F	938955	938965	943427	944465	946481	7	1	-1	2	4462		1
3	30	1	0	1	E	G	947504	947514	948257	949283	951298	7	1	0	2	742	1	
3	31	2	1	0	F	I	952320	952331	954088	955115	957131	7	1	0	2	1757		0
3	32	2	0	0	F	I	958154	958164	959251	960280	962297	7	1	-1	1.8	1087		0
3	33	1	1	1	E	G	963320	963330	964068	965097	967113	7	1	1	2	738	1	
3	34	1	0	0	G	E	968136	968146	968663	969697	971713	8	0	0	2	517	1	
3	35	2	1	1	I	F	972736	972746	975663	976697	978712	8	0	0	2	2917		0
3	36	1	1	1	E	G	979735	979745	980457	981482	983495	7	1	1	2.2	712	1	
3	37	2	0	0	F	I	984518	984528	986774	987811	989828	7	1	-1	2	2246		0
3	38	1	1	0	G	E	990851	990861	991424	992461	994477	8	0	1	2.2	563	1	
3	39	2	1	1	I	F	995500	995510	997479	998511	1000527	8	0	0	2.2	1968		0
3	40	1	1	0	G	E	1001550	1001560	1002070	1003094	1005110	8	0	1	2.4	510	1	
3	41	1	0	1	E	G	1006133	1006143	1006667	1007694	1009709	7	1	0	2.4	524	1	
3	42	2	1	0	F	I	1010732	1010742	1013629	1014660	1016675	7	1	0	2.4	2886		0
3	43	1	1	0	G	E	1017698	1017708	1018072	1019110	1021125	8	0	1	2.6	363	1	
3	44	2	0	1	I	F	1022148	1022158	1023864	1024892	1026908	8	0	-1	2.4	1706		0
3	45	2	1	1	I	F	1027932	1027941	1029784	1030812	1032824	8	0	0	2.4	1843		0
3	46	1	1	0	G	E	1033848	1033857	1034495	1035525	1037540	8	0	1	2.6	638	1	
3	47	2	1	0	F	I	1038563	1038573	1040225	1041257	1043273	7	1	0	2.6	1651		0
3	48	2	1	1	I	F	1044296	1044306	1045369	1046407	1048423	8	0	0	2.6	1063		0
3	49	1	0	1	E	G	1049446	1049456	1049900	1050924	1052939	7	1	0	2.6	444	1	
3	50	1	1	0	G	E	1053962	1053972	1055019	1056056	1058072	8	0	1	2.8	1047	1	
3	51	2	1	0	F	I	1059095	1059105	1060377	1061406	1063421	8	0	-1	2.6	1272		1
3	52	2	0	1	I	F	1064444	1064454	1065915	1066939	1068954	8	0	-1	2.4	1460		0
3	53	1	1	1	E	G	1069977	1069987	1070461	1071489	1073504	7	1	1	2.6	473	1	
3	54	1	1	1	E	G	1074528	1074537	1075254	1076289	1078303	7	1	1	2.8	717	1	
3	55	2	1	0	F	I	1079326	1079336	1080569	1081605	1083620	7	1	0	2.8	1232		0
3	56	1	1	0	G	E	1084643	1084653	1085322	1086356	1088369	8	0	1	3	669	1	
3	57	1	0	1	E	G	1089392	1089402	1090333	1091369	1093385	7	1	0	3	930	1	
3	58	2	0	0	F	I	1094408	1094418	1098932	1099969	1101985	8	0	0	3	4513		1
3	59	2	1	1	I	F	1103007	1103018	1104214	1105252	1107267	8	0	0	3	1196		0
3	60	1	0	0	G	E	1108290	1108300	1109196	1110219	1112234	8	0	0	3	895	1	
Total money won 7.8
