Participant P011visit number -1
Stimuli number 1
Scanner Trigger at time 6000
run_number	trial_number	trial_type	outcome_type	side_type	left_stim	right_stim	stim_onset	choice_onset	interval_onset	outcome_onset	ITI_onset	button_pressed	side_chosen	trial_outcome	total	reaction_time	win_out	loss_out
1	1	2	1	0	H	C	3	16	1635	2667	4682	7	1	0	1	1619		0
1	2	1	1	1	A	D	5701	5715	7037	8064	10082	8	0	0	1	1322	0	
1	3	1	1	0	D	A	11099	11115	11848	12880	14898	8	0	1	1.2	733	1	
1	4	2	0	1	C	H	15916	15931	17094	18129	20147	7	1	0	1.2	1163		1
1	5	2	1	1	C	H	21167	21180	22045	23080	25097	8	0	0	1.2	864		0
1	6	1	1	0	D	A	26117	26130	27399	28429	30447	8	0	1	1.4	1268	1	
1	7	1	1	1	A	D	31464	31480	32303	33329	35346	7	1	1	1.6	823	1	
1	8	2	1	0	H	C	36364	36379	37371	38399	40412	8	0	-1	1.4	992		1
1	9	1	0	1	A	D	41430	41445	42243	43277	45295	7	1	0	1.4	797	1	
1	10	2	1	1	C	H	46313	46328	47068	48094	50111	8	0	0	1.4	739		0
1	11	1	1	0	D	A	51129	51145	52013	53045	55061	8	0	1	1.6	868	1	
1	12	2	0	0	H	C	56079	56094	56993	58026	60044	7	1	-1	1.4	899		0
1	13	2	1	1	C	H	61062	61077	61980	63009	65027	8	0	0	1.4	903		0
1	14	1	0	0	D	A	66044	66060	66580	67609	69626	7	1	1	1.6	520	0	
1	15	1	1	1	A	D	70644	70659	71570	72594	74609	7	1	1	1.8	910	1	
1	16	2	1	0	H	C	75627	75642	76695	77724	79742	7	1	0	1.8	1052		0
1	17	1	0	1	A	D	80760	80775	81365	82391	84408	7	1	0	1.8	589	1	
1	18	2	1	1	C	H	85426	85441	86253	87273	89291	7	1	-1	1.6	811		1
1	19	1	1	0	D	A	90309	90324	91052	92074	94091	8	0	1	1.8	727	1	
1	20	2	1	1	C	H	95109	95124	95911	96939	98957	8	0	0	1.8	787		0
1	21	1	1	0	D	A	99975	99990	100770	101806	103823	7	1	0	1.8	779	0	
1	22	2	1	0	H	C	104841	104856	105436	106472	108490	7	1	0	1.8	579		0
1	23	1	0	1	A	D	109507	109523	110299	111322	113339	7	1	0	1.8	776	1	
1	24	1	1	1	A	D	114358	114372	114934	115954	117972	7	1	1	2	561	1	
1	25	2	0	0	H	C	118990	119005	119571	120603	122622	7	1	-1	1.8	565		0
1	26	2	1	1	C	H	123639	123655	124291	125320	127338	8	0	0	1.8	636		0
1	27	1	1	0	D	A	128356	128371	128929	129952	131971	8	0	1	2	557	1	
1	28	2	1	0	H	C	132989	133004	133923	134951	136970	8	0	-1	1.8	919		1
1	29	1	1	1	A	D	137988	138004	138501	139535	141553	7	1	1	2	497	1	
1	30	2	0	1	C	H	142572	142586	143137	144167	146186	8	0	-1	1.8	550		0
1	31	1	1	0	D	A	147204	147219	147726	148752	150769	7	1	0	1.8	506	0	
1	32	1	0	0	D	A	151788	151802	152299	153334	155352	7	1	1	2	496	0	
1	33	2	1	1	C	H	156370	156385	157040	158067	160085	8	0	0	2	654		0
1	34	2	0	0	H	C	161103	161118	161717	162749	164768	7	1	-1	1.8	598		0
1	35	1	1	1	A	D	165786	165801	166554	167584	169601	7	1	1	2	752	1	
1	36	2	1	1	C	H	170619	170634	171134	172166	174184	8	0	0	2	499		0
1	37	1	0	0	D	A	175202	175217	175529	176551	178567	8	0	0	2	311	1	
1	38	2	1	0	H	C	179584	179600	180549	181581	183600	8	0	-1	1.8	949		1
1	39	1	1	1	A	D	184618	184633	185214	186247	188266	7	1	1	2	581	1	
1	40	2	1	0	H	C	189284	189299	189843	190865	192882	7	1	0	2	543		0
1	41	2	0	1	C	H	193900	193915	194529	195563	197582	8	0	-1	1.8	613		0
1	42	1	1	0	D	A	198600	198615	199189	200213	202231	8	0	1	2	574	1	
1	43	2	1	0	H	C	203249	203264	203847	204880	206898	7	1	0	2	582		0
1	44	1	0	1	A	D	207915	207931	208391	209413	211431	7	1	0	2	460	1	
1	45	1	1	1	A	D	212450	212464	212907	213929	215947	7	1	1	2.2	443	1	
1	46	2	1	0	H	C	216965	216980	217607	218629	220646	7	1	0	2.2	626		0
1	47	1	1	0	D	A	221664	221679	222002	223028	225046	8	0	1	2.4	322	1	
1	48	1	1	1	A	D	226064	226079	226703	227728	229746	7	1	1	2.6	623	1	
1	49	2	0	1	C	H	230763	230779	231075	232111	234129	8	0	-1	2.4	296		0
1	50	2	1	0	H	C	235146	235162	235743	236777	238795	7	1	0	2.4	581		0
1	51	1	1	0	D	A	239813	239828	240170	241193	243211	8	0	1	2.6	341	1	
1	52	1	0	1	A	D	244229	244244	244606	245626	247644	7	1	0	2.6	361	1	
1	53	2	1	1	C	H	248662	248677	249195	250226	252244	8	0	0	2.6	517		0
1	54	2	1	1	C	H	253263	253277	253788	254809	256827	8	0	0	2.6	511		0
1	55	1	1	0	D	A	257844	257860	258412	259442	261460	8	0	1	2.8	552	1	
1	56	2	1	0	H	C	262477	262493	263029	264058	266076	7	1	0	2.8	536		0
1	57	2	0	1	C	H	267094	267109	267749	268774	270792	8	0	-1	2.6	639		0
1	58	1	0	0	D	A	271810	271825	272258	273290	275308	8	0	0	2.6	432	1	
1	59	1	1	1	A	D	276326	276341	276756	277791	279808	7	1	1	2.8	414	1	
1	60	2	0	0	H	C	280826	280841	281424	282456	284474	7	1	-1	2.6	582		0
2	1	2	1	0	P	N	290658	290673	291704	292739	294757	8	0	-1	0.8	1030		1
2	2	1	1	1	K	X	295775	295790	296555	297588	299606	7	1	1	1	764	1	
2	3	1	1	0	X	K	300624	300639	301776	302804	304822	7	1	0	1	1136	0	
2	4	2	0	1	N	P	305841	305855	306839	307870	309889	8	0	-1	0.8	983		0
2	5	2	1	1	N	P	310907	310922	312035	313070	315088	8	0	0	0.8	1112		0
2	6	1	1	0	X	K	316106	316121	316922	317952	319971	8	0	1	1	800	1	
2	7	1	1	1	K	X	320989	321004	321656	322686	324704	7	1	1	1.2	651	1	
2	8	2	1	0	P	N	325722	325737	326735	327768	329787	8	0	-1	1	997		1
2	9	1	0	1	K	X	330805	330820	331384	332421	334436	7	1	0	1	563	1	
2	10	2	1	1	N	P	335455	335469	336029	337050	339069	7	1	-1	0.8	559		1
2	11	1	1	0	X	K	340087	340102	340704	341734	343752	8	0	1	1	601	1	
2	12	2	0	0	P	N	344770	344785	345264	346286	348302	7	1	-1	0.8	478		0
2	13	2	1	1	N	P	349320	349335	350261	351283	353301	8	0	0	0.8	925		0
2	14	1	0	0	X	K	354319	354334	354928	355951	357968	8	0	0	0.8	593	1	
2	15	1	1	1	K	X	358986	359001	359466	360499	362517	7	1	1	1	464	1	
2	16	2	1	0	P	N	363535	363550	364091	365116	367134	7	1	0	1	540		0
2	17	1	0	1	K	X	368151	368167	368533	369566	371583	7	1	0	1	365	1	
2	18	2	1	1	N	P	372601	372616	372943	373966	375983	8	0	0	1	326		0
2	19	1	1	0	X	K	377001	377016	377467	378498	380516	8	0	1	1.2	450	1	
2	20	2	1	1	N	P	381533	381549	382047	383080	385099	8	0	0	1.2	498		0
2	21	1	1	0	X	K	386116	386132	386687	387715	389732	8	0	1	1.4	555	1	
2	22	2	1	0	P	N	390749	390765	391351	392380	394398	7	1	0	1.4	586		0
2	23	1	0	1	K	X	395415	395431	395898	396930	398947	7	1	0	1.4	467	1	
2	24	1	1	1	K	X	399967	399980	400467	401496	403514	7	1	1	1.6	486	1	
2	25	2	0	0	P	N	404531	404547	405100	406128	408147	7	1	-1	1.4	552		0
2	26	2	1	1	N	P	409164	409180	409651	410679	412696	8	0	0	1.4	471		0
2	27	1	1	0	X	K	413714	413729	414213	415245	417262	8	0	1	1.6	484	1	
2	28	2	1	0	P	N	418280	418296	418736	419761	421779	7	1	0	1.6	440		0
2	29	1	1	1	K	X	422797	422812	423299	424327	426345	7	1	1	1.8	487	1	
2	30	2	0	1	N	P	427363	427378	427905	428927	430945	8	0	-1	1.6	526		0
2	31	1	1	0	X	K	431963	431978	432365	433393	435411	8	0	1	1.8	387	1	
2	32	1	0	0	X	K	436430	436444	437003	438026	440044	8	0	0	1.8	559	1	
2	33	2	1	1	N	P	441062	441077	441437	442460	444477	8	0	0	1.8	359		0
2	34	2	0	0	P	N	445494	445510	446070	447091	449110	7	1	-1	1.6	560		0
2	35	1	1	1	K	X	450127	450143	450557	451591	453609	7	1	1	1.8	414	1	
2	36	2	1	1	N	P	454627	454642	455255	456291	458309	8	0	0	1.8	612		0
2	37	1	0	0	X	K	459327	459342	459860	460891	462908	8	0	0	1.8	518	1	
2	38	2	1	0	P	N	463926	463941	464473	465510	467525	7	1	0	1.8	531		0
2	39	1	1	1	K	X	468542	468558	468992	470022	472041	7	1	1	2	434	1	
2	40	2	1	0	P	N	473059	473074	473556	474589	476607	7	1	0	2	482		0
2	41	2	0	1	N	P	477625	477640	478133	479154	481173	8	0	-1	1.8	492		0
2	42	1	1	0	X	K	482191	482207	482633	483655	485673	8	0	1	2	426	1	
2	43	2	1	0	P	N	486691	486706	487043	488071	490089	7	1	0	2	336		0
2	44	1	0	1	K	X	491107	491122	491563	492588	494606	7	1	0	2	440	1	
2	45	1	1	1	K	X	495625	495639	496040	497070	499089	7	1	1	2.2	401	1	
2	46	2	1	0	P	N	500106	500122	500519	501553	503572	7	1	0	2.2	397		0
2	47	1	1	0	X	K	504589	504605	504993	506020	508038	8	0	1	2.4	388	1	
2	48	1	1	1	K	X	509055	509071	509521	510554	512571	7	1	1	2.6	450	1	
2	49	2	0	1	N	P	513588	513604	514112	515136	517154	8	0	-1	2.4	508		0
2	50	2	1	0	P	N	518171	518187	518738	519769	521787	7	1	0	2.4	551		0
2	51	1	1	0	X	K	522804	522820	523210	524235	526253	8	0	1	2.6	390	1	
2	52	1	0	1	K	X	527271	527286	527645	528668	530686	7	1	0	2.6	359	1	
2	53	2	1	1	N	P	531704	531719	532099	533134	535152	8	0	0	2.6	380		0
2	54	2	1	1	N	P	536171	536185	536775	537801	539818	8	0	0	2.6	589		0
2	55	1	1	0	X	K	540836	540851	541266	542300	544318	8	0	1	2.8	414	1	
2	56	2	1	0	P	N	545336	545351	545908	546933	548951	7	1	0	2.8	557		0
2	57	2	0	1	N	P	549969	549984	550493	551516	553534	8	0	-1	2.6	509		0
2	58	1	0	0	X	K	554551	554567	554939	555965	557983	8	0	0	2.6	372	1	
2	59	1	1	1	K	X	559001	559016	559500	560532	562550	7	1	1	2.8	483	1	
2	60	2	0	0	P	N	563567	563583	564112	565148	567166	7	1	-1	2.6	529		0
3	1	2	1	0	I	F	579683	579698	580647	581680	583698	8	0	-1	0.8	948		1
3	2	1	1	1	E	G	584717	584731	585979	587012	589031	7	1	1	1	1248	1	
3	3	1	1	0	G	E	590048	590064	590852	591880	593897	8	0	1	1.2	788	1	
3	4	2	0	1	F	I	594915	594930	595961	596995	599013	8	0	-1	1	1031		0
3	5	2	1	1	F	I	600033	600046	600775	601795	603813	7	1	-1	0.8	728		1
3	6	1	1	0	G	E	604830	604846	605276	606310	608329	8	0	1	1	430	1	
3	7	1	1	1	E	G	609347	609362	610072	611094	613112	8	0	0	1	709	0	
3	8	2	1	0	I	F	614130	614145	614863	615893	617911	8	0	-1	0.8	717		1
3	9	1	0	1	E	G	618929	618944	619358	620394	622411	7	1	0	0.8	413	1	
3	10	2	1	1	F	I	623429	623444	624207	625243	627261	7	1	-1	0.6	762		1
3	11	1	1	0	G	E	628278	628294	628757	629793	631810	8	0	1	0.8	463	1	
3	12	2	0	0	I	F	632828	632843	633365	634392	636410	7	1	-1	0.6	521		0
3	13	2	1	1	F	I	637428	637443	638091	639125	641143	7	1	-1	0.4	647		1
3	14	1	0	0	G	E	642160	642176	642701	643725	645742	8	0	0	0.4	525	1	
3	15	1	1	1	E	G	646760	646775	647528	648557	650575	7	1	1	0.6	752	1	
3	16	2	1	0	I	F	651593	651608	652323	653357	655375	7	1	0	0.6	714		0
3	17	1	0	1	E	G	656392	656408	656751	657774	659791	7	1	0	0.6	342	1	
3	18	2	1	1	F	I	660809	660824	661155	662190	664207	8	0	0	0.6	330		0
3	19	1	1	0	G	E	665225	665240	665562	666589	668607	8	0	1	0.8	321	1	
3	20	2	1	1	F	I	669625	669640	670093	671122	673140	8	0	0	0.8	452		0
3	21	1	1	0	G	E	674158	674173	674629	675655	677673	8	0	1	1	455	1	
3	22	2	1	0	I	F	678691	678706	679022	680055	682072	7	1	0	1	315		0
3	23	1	0	1	E	G	683090	683106	683568	684588	686605	7	1	0	1	461	1	
3	24	1	1	1	E	G	687625	687638	688099	689121	691138	7	1	1	1.2	460	1	
3	25	2	0	0	I	F	692156	692171	692590	693619	695638	7	1	-1	1	418		0
3	26	2	1	1	F	I	696656	696671	697139	698169	700188	7	1	-1	0.8	467		1
3	27	1	1	0	G	E	701205	701221	701907	702935	704954	8	0	1	1	686	1	
3	28	2	1	0	I	F	705971	705987	706402	707435	709453	7	1	0	1	414		0
3	29	1	1	1	E	G	710471	710486	710881	711902	713920	8	0	0	1	394	0	
3	30	2	0	1	F	I	714938	714953	715656	716684	718703	8	0	-1	0.8	702		0
3	31	1	1	0	G	E	719720	719736	720081	721100	723119	8	0	1	1	344	1	
3	32	1	0	0	G	E	724138	724152	724483	725517	727535	8	0	0	1	330	1	
3	33	2	1	1	F	I	728553	728568	729165	730201	732218	8	0	0	1	596		0
3	34	2	0	0	I	F	733236	733251	733796	734815	736834	7	1	-1	0.8	544		0
3	35	1	1	1	E	G	737852	737867	738324	739352	741367	7	1	1	1	455	1	
3	36	2	1	1	F	I	742385	742400	743019	744049	746067	8	0	0	1	618		0
3	37	1	0	0	G	E	747085	747100	747546	748581	750600	7	1	1	1.2	445	0	
3	38	2	1	0	I	F	751617	751633	752207	753231	755249	7	1	0	1.2	573		0
3	39	1	1	1	E	G	756267	756282	756772	757798	759816	7	1	1	1.4	489	1	
3	40	2	1	0	I	F	760833	760849	761345	762381	764399	7	1	0	1.4	495		0
3	41	2	0	1	F	I	765416	765432	765952	766980	768998	8	0	-1	1.2	519		0
3	42	1	1	0	G	E	770016	770031	770712	771747	773764	8	0	1	1.4	680	1	
3	43	2	1	0	I	F	774782	774797	775599	776629	778647	7	1	0	1.4	801		0
3	44	1	0	1	E	G	779665	779680	780305	781330	783347	7	1	0	1.4	624	1	
3	45	1	1	1	E	G	784366	784380	784932	785962	787980	7	1	1	1.6	551	1	
3	46	2	1	0	I	F	788998	789013	789423	790445	792463	8	0	-1	1.4	409		1
3	47	1	1	0	G	E	793480	793496	793960	794995	797012	8	0	1	1.6	463	1	
3	48	1	1	1	E	G	798029	798045	798630	799662	801679	7	1	1	1.8	584	1	
3	49	2	0	1	F	I	802696	802712	803484	804510	806528	8	0	-1	1.6	772		0
3	50	2	1	0	I	F	807546	807561	808074	809110	811128	7	1	0	1.6	513		0
3	51	1	1	0	G	E	812145	812161	812571	813594	815611	8	0	1	1.8	410	1	
3	52	1	0	1	E	G	816628	816644	817141	818176	820194	7	1	0	1.8	497	1	
3	53	2	1	1	F	I	821212	821227	821912	822943	824960	8	0	0	1.8	685		0
3	54	2	1	1	F	I	825979	825993	826633	827659	829676	8	0	0	1.8	640		0
3	55	1	1	0	G	E	830694	830709	831318	832340	834359	8	0	1	2	608	1	
3	56	2	1	0	I	F	835377	835392	835986	837008	839025	7	1	0	2	594		0
3	57	2	0	1	F	I	840043	840058	840549	841572	843592	8	0	-1	1.8	491		0
3	58	1	0	0	G	E	844609	844625	845127	846159	848174	8	0	0	1.8	502	1	
3	59	1	1	1	E	G	849192	849208	849689	850723	852741	7	1	1	2	481	1	
3	60	2	0	0	I	F	853758	853774	854251	855271	857290	7	1	-1	1.8	476		0
Total money won 7
