Participant P017visit number -1
Stimuli number 1
Scanner Trigger at time 9000
run_number	trial_number	trial_type	outcome_type	side_type	left_stim	right_stim	stim_onset	choice_onset	interval_onset	outcome_onset	ITI_onset	button_pressed	side_chosen	trial_outcome	total	reaction_time	win_out	loss_out
1	1	1	1	0	D	A	3	15	2458	3479	5498	8	0	1	1.2	2442	1	
1	2	2	1	1	C	H	6518	6532	7532	8568	10581	7	1	-1	1	1000		1
1	3	2	1	0	H	C	11599	11614	12256	13280	15298	8	0	-1	0.8	641		1
1	4	1	0	1	A	D	16316	16331	17082	18118	20131	7	1	0	0.8	751	1	
1	5	1	1	1	A	D	21150	21164	21892	22912	24930	7	1	1	1	728	1	
1	6	2	1	0	H	C	25948	25963	26940	27962	29980	7	1	0	1	976		0
1	7	2	1	1	C	H	30998	31013	31869	32896	34913	8	0	0	1	856		0
1	8	1	1	0	D	A	35930	35946	36942	37978	39995	8	0	1	1.2	996	1	
1	9	2	0	1	C	H	41013	41028	43253	44277	46295	7	1	0	1.2	2224		1
1	10	1	1	1	A	D	47313	47328	48327	49361	51378	8	0	0	1.2	998	0	
1	11	2	1	0	H	C	52395	52411	53217	54246	56261	7	1	0	1.2	805		0
1	12	1	0	0	D	A	57279	57294	58375	59410	61427	8	0	0	1.2	1080	1	
1	13	1	1	1	A	D	62445	62460	65420	66443	68460	7	1	1	1.4	2959	1	
1	14	2	0	0	H	C	69477	69493	70494	71524	73542	7	1	-1	1.2	1000		0
1	15	2	1	1	C	H	74560	74576	76742	77774	79792	7	1	-1	1	2166		1
1	16	1	1	0	D	A	80810	80825	82285	83307	85325	7	1	0	1	1459	0	
1	17	2	0	1	C	H	86342	86358	88085	89105	91124	8	0	-1	0.8	1726		0
1	18	1	1	1	A	D	92142	92157	96690	97722	99740	8	0	0	0.8	4532	0	
1	19	2	1	0	H	C	100758	100773	104961	105990	108006	7	1	0	0.8	4187		0
1	20	1	1	1	A	D	109024	109039	112459	113488	115505	8	0	0	0.8	3419	0	
1	21	2	1	0	H	C	116523	116538	117385	118422	120438	7	1	0	0.8	846		0
1	22	1	1	0	D	A	121457	121471	122296	123322	125338	7	1	0	0.8	824	0	
1	23	2	0	1	C	H	126356	126371	127478	128505	130521	7	1	0	0.8	1106		1
1	24	2	1	1	C	H	131540	131554	132506	133536	135554	7	1	-1	0.6	951		1
1	25	1	0	0	D	A	136572	136587	138032	139052	141070	7	1	1	0.8	1444	0	
1	26	1	1	1	A	D	142088	142103	143119	144151	146169	7	1	1	1	1015	1	
1	27	2	1	0	H	C	147187	147202	147951	148984	151002	7	1	0	1	747		0
1	28	1	1	0	D	A	152020	152035	152830	153851	155869	7	1	0	1	794	0	
1	29	2	1	1	C	H	156886	156902	158340	159368	161385	8	0	0	1	1437		0
1	30	1	0	1	A	D	162403	162418	163512	164534	166551	7	1	0	1	1094	1	
1	31	2	1	0	H	C	167569	167584	168352	169382	171401	8	0	-1	0.8	767		1
1	32	2	0	0	H	C	172420	172434	173462	174483	176500	7	1	-1	0.6	1027		0
1	33	1	1	1	A	D	177519	177533	178908	179932	181950	8	0	0	0.6	1374	0	
1	34	1	0	0	D	A	182967	182983	183559	184582	186599	7	1	1	0.8	575	0	
1	35	2	1	1	C	H	187617	187632	188275	189298	191315	7	1	-1	0.6	642		1
1	36	1	1	1	A	D	192333	192348	194011	195048	197065	8	0	0	0.6	1662	0	
1	37	2	0	0	H	C	198083	198098	198798	199830	201848	7	1	-1	0.4	699		0
1	38	1	1	0	D	A	202866	202881	203660	204680	206697	8	0	1	0.6	778	1	
1	39	2	1	1	C	H	207715	207730	208465	209496	211514	8	0	0	0.6	733		0
1	40	1	1	0	D	A	212531	212547	213472	214497	216514	7	1	0	0.6	925	0	
1	41	1	0	1	A	D	217531	217546	219204	220229	222246	7	1	0	0.6	1657	1	
1	42	2	1	0	H	C	223264	223279	224810	225846	227862	7	1	0	0.6	1530		0
1	43	1	1	0	D	A	228880	228895	229696	230728	232745	7	1	0	0.6	800	0	
1	44	2	0	1	C	H	233763	233778	234717	235744	237761	7	1	0	0.6	938		1
1	45	2	1	1	C	H	238781	238794	239515	240545	242561	8	0	0	0.6	720		0
1	46	1	1	0	D	A	243579	243594	244373	245394	247410	7	1	0	0.6	778	0	
1	47	2	1	0	H	C	248428	248444	250976	252010	254027	7	1	0	0.6	2532		0
1	48	2	1	1	C	H	255044	255060	255831	256859	258876	8	0	0	0.6	770		0
1	49	1	0	1	A	D	259894	259909	261212	262242	264259	7	1	0	0.6	1303	1	
1	50	1	1	0	D	A	265277	265292	265907	266942	268959	7	1	0	0.6	615	0	
1	51	2	1	0	H	C	269976	269992	270752	271776	273791	7	1	0	0.6	760		0
1	52	2	0	1	C	H	274809	274825	275273	276307	278324	8	0	-1	0.4	448		0
1	53	1	1	1	A	D	279342	279357	279692	280723	282741	7	1	1	0.6	334	1	
1	54	1	1	1	A	D	283760	283774	284090	285123	287140	7	1	1	0.8	316	1	
1	55	2	1	0	H	C	288158	288173	289344	290372	292390	7	1	0	0.8	1170		0
1	56	1	1	0	D	A	293408	293423	293884	294905	296923	8	0	1	1	461	1	
1	57	1	0	1	A	D	297941	297956	298396	299421	301439	7	1	0	1	440	1	
1	58	2	0	0	H	C	302457	302472	303129	304155	306172	8	0	0	1	656		1
1	59	2	1	1	C	H	307190	307205	307650	308669	310688	7	1	-1	0.8	445		1
1	60	1	0	0	D	A	311706	311721	312351	313387	315404	8	0	0	0.8	629	1	
2	1	1	1	0	X	K	322990	323004	325744	326768	328787	7	1	0	1	2740	0	
2	2	2	1	1	N	P	329805	329820	330820	331852	333870	8	0	0	1	1000		0
2	3	2	1	0	P	N	334887	334903	335907	336933	338952	8	0	-1	0.8	1004		1
2	4	1	0	1	K	X	339970	339985	341337	342369	344385	8	0	1	1	1351	0	
2	5	1	1	1	K	X	345404	345418	345972	347000	349018	8	0	0	1	553	0	
2	6	2	1	0	P	N	350036	350051	350819	351851	353868	7	1	0	1	767		0
2	7	2	1	1	N	P	354886	354901	355602	356632	358651	7	1	-1	0.8	701		1
2	8	1	1	0	X	K	359668	359684	360202	361232	363250	7	1	0	0.8	518	0	
2	9	2	0	1	N	P	364268	364283	364694	365715	367733	8	0	-1	0.6	410		0
2	10	1	1	1	K	X	368751	368766	369440	370465	372483	7	1	1	0.8	673	1	
2	11	2	1	0	P	N	373501	373516	376091	377115	379132	8	0	-1	0.6	2575		1
2	12	1	0	0	X	K	380150	380165	380643	381665	383682	7	1	1	0.8	477	0	
2	13	1	1	1	K	X	384700	384715	385857	386880	388898	8	0	0	0.8	1141	0	
2	14	2	0	0	P	N	389916	389931	390893	391915	393931	7	1	-1	0.6	961		0
2	15	2	1	1	N	P	394949	394964	395923	396946	398964	8	0	0	0.6	958		0
2	16	1	1	0	X	K	399982	399997	400623	401646	403663	7	1	0	0.6	626	0	
2	17	2	0	1	N	P	404681	404696	405050	406079	408096	8	0	-1	0.4	353		0
2	18	1	1	1	K	X	409114	409129	409506	410528	412546	8	0	0	0.4	376	0	
2	19	2	1	0	P	N	413564	413579	413951	414979	416996	7	1	0	0.4	372		0
2	20	1	1	1	K	X	418013	418029	418511	419546	421562	8	0	0	0.4	482	0	
2	21	2	1	0	P	N	422580	422595	422909	423944	425961	8	0	-1	0.2	314		1
2	22	1	1	0	X	K	426979	426994	427540	428560	430578	7	1	0	0.2	545	0	
2	23	2	0	1	N	P	431595	431611	431876	432910	434927	7	1	0	0.2	265		1
2	24	2	1	1	N	P	435946	435960	436773	437810	439827	8	0	0	0.2	812		0
2	25	1	0	0	X	K	440845	440860	441668	442693	444710	8	0	0	0.2	807	1	
2	26	1	1	1	K	X	445728	445743	446408	447442	449459	7	1	1	0.4	664	1	
2	27	2	1	0	P	N	450477	450492	450813	451841	453859	8	0	-1	0.2	320		1
2	28	1	1	0	X	K	454877	454892	455708	456741	458759	8	0	1	0.4	815	1	
2	29	2	1	1	N	P	459776	459792	460698	461724	463741	8	0	0	0.4	906		0
2	30	1	0	1	K	X	464759	464774	465539	466574	468591	7	1	0	0.4	764	1	
2	31	2	1	0	P	N	469609	469624	470317	471342	473357	7	1	0	0.4	692		0
2	32	2	0	0	P	N	474377	474390	474852	475873	477890	7	1	-1	0.2	461		0
2	33	1	1	1	K	X	478908	478923	479467	480489	482506	7	1	1	0.4	543	1	
2	34	1	0	0	X	K	483524	483539	484104	485138	487156	8	0	0	0.4	564	1	
2	35	2	1	1	N	P	488174	488189	488478	489505	491522	7	1	-1	0.2	288		1
2	36	1	1	1	K	X	492540	492555	493370	494404	496422	7	1	1	0.4	813	1	
2	37	2	0	0	P	N	497440	497455	497774	498804	500821	8	0	0	0.4	318		1
2	38	1	1	0	X	K	501839	501855	502200	503221	505238	7	1	0	0.4	345	0	
2	39	2	1	1	N	P	506256	506271	506922	507954	509971	8	0	0	0.4	650		0
2	40	1	1	0	X	K	510989	511004	511680	512703	514720	7	1	0	0.4	675	0	
2	41	1	0	1	K	X	515738	515753	516146	517169	519187	8	0	1	0.6	392	0	
2	42	2	1	0	P	N	520205	520220	520558	521585	523603	8	0	-1	0.4	338		1
2	43	1	1	0	X	K	524620	524636	525499	526535	528552	7	1	0	0.4	862	0	
2	44	2	0	1	N	P	529570	529585	530056	531085	533102	8	0	-1	0.2	470		0
2	45	2	1	1	N	P	534121	534135	534476	535505	537518	7	1	-1	5.55111512312578e-17	340		1
2	46	1	1	0	X	K	538536	538551	539185	540216	542235	8	0	1	0.2	633	1	
2	47	2	1	0	P	N	543252	543268	543880	544916	546934	7	1	0	0.2	612		0
2	48	2	1	1	N	P	547952	547967	548243	549265	551284	7	1	-1	5.55111512312578e-17	275		1
2	49	1	0	1	K	X	552302	552317	552711	553732	555750	8	0	1	0.2	393	0	
2	50	1	1	0	X	K	556768	556783	557687	558716	560733	7	1	0	0.2	904	0	
2	51	2	1	0	P	N	561751	561766	562566	563599	565616	7	1	0	0.2	799		0
2	52	2	0	1	N	P	566634	566649	567166	568196	570215	8	0	-1	5.55111512312578e-17	516		0
2	53	1	1	1	K	X	571233	571248	571719	572746	574765	7	1	1	0.2	470	1	
2	54	1	1	1	K	X	575784	575798	576125	577148	579165	7	1	1	0.4	326	1	
2	55	2	1	0	P	N	580182	580198	580856	581880	583898	7	1	0	0.4	657		0
2	56	1	1	0	X	K	584915	584931	585281	586314	588330	7	1	0	0.4	349	0	
2	57	1	0	1	K	X	589348	589363	589858	590880	592897	7	1	0	0.4	493	1	
2	58	2	0	0	P	N	593914	593930	594460	595495	597513	7	1	-1	0.2	529		0
2	59	2	1	1	N	P	598531	598546	599049	600078	602096	8	0	0	0.2	502		0
2	60	1	0	0	X	K	603114	603129	604034	605062	607079	8	0	0	0.2	904	1	
3	1	2	1	0	I	F	609063	609078	611911	612943	614961	8	0	-1	0.8	2831		1
3	2	1	1	1	E	G	615980	615994	616550	617576	619594	7	1	1	1	554	1	
3	3	1	1	0	G	E	620612	620627	621894	622927	624944	8	0	1	1.2	1265	1	
3	4	2	0	1	F	I	625962	625977	626710	627742	629760	7	1	0	1.2	732		1
3	5	2	1	1	F	I	630779	630793	631429	632459	634476	7	1	-1	1	635		1
3	6	1	1	0	G	E	635494	635509	636199	637225	639243	7	1	0	1	688	0	
3	7	1	1	1	E	G	640261	640276	640968	641990	644009	7	1	1	1.2	691	1	
3	8	2	1	0	I	F	645027	645042	646341	647373	649392	8	0	-1	1	1298		1
3	9	1	0	1	E	G	650409	650425	651232	652257	654275	7	1	0	1	806	1	
3	10	2	1	1	F	I	655292	655308	655812	656838	658858	7	1	-1	0.8	504		1
3	11	1	1	0	G	E	659875	659891	661434	662456	664474	8	0	1	1	1543	1	
3	12	2	0	0	I	F	665491	665507	666254	667288	669307	7	1	-1	0.8	747		0
3	13	2	1	1	F	I	670324	670340	671526	672556	674573	7	1	-1	0.6	1185		1
3	14	1	0	0	G	E	675591	675606	677127	678155	680172	7	1	1	0.8	1521	0	
3	15	1	1	1	E	G	681190	681205	682163	683187	685205	8	0	0	0.8	957	0	
3	16	2	1	0	I	F	686223	686238	686953	687988	690005	7	1	0	0.8	714		0
3	17	1	0	1	E	G	691023	691038	691985	693020	695038	8	0	1	1	945	0	
3	18	2	1	1	F	I	696055	696071	697253	698287	700304	8	0	0	1	1182		0
3	19	1	1	0	G	E	701322	701337	701996	703020	705037	7	1	0	1	659	0	
3	20	2	1	1	F	I	706055	706070	706626	707653	709670	8	0	0	1	556		0
3	21	1	1	0	G	E	710687	710703	711093	712119	714136	7	1	0	1	390	0	
3	22	2	1	0	I	F	715154	715169	715716	716750	718769	8	0	-1	0.8	547		1
3	23	1	0	1	E	G	719787	719802	720334	721367	723385	7	1	0	0.8	532	1	
3	24	1	1	1	E	G	724405	724418	724829	725850	727868	7	1	1	1	410	1	
3	25	2	0	0	I	F	728886	728901	729407	730437	732451	8	0	0	1	505		1
3	26	2	1	1	F	I	733469	733484	733816	734850	736867	8	0	0	1	332		0
3	27	1	1	0	G	E	737885	737900	738216	739250	741267	7	1	0	1	315	0	
3	28	2	1	0	I	F	742285	742300	742740	743766	745783	7	1	0	1	440		0
3	29	1	1	1	E	G	746801	746816	747292	748316	750333	8	0	0	1	475	0	
3	30	2	0	1	F	I	751351	751366	752692	753713	755732	8	0	-1	0.8	1326		0
3	31	1	1	0	G	E	756750	756765	757157	758181	760199	7	1	0	0.8	391	0	
3	32	1	0	0	G	E	761218	761232	763622	764647	766665	8	0	0	0.8	2390	1	
3	33	2	1	1	F	I	767683	767698	768128	769164	771181	8	0	0	0.8	430		0
3	34	2	0	0	I	F	772199	772214	772646	773679	775697	7	1	-1	0.6	431		0
3	35	1	1	1	E	G	776715	776730	777260	778296	780314	8	0	0	0.6	529	0	
3	36	2	1	1	F	I	781331	781347	782434	783463	785480	8	0	0	0.6	1087		0
3	37	1	0	0	G	E	786497	786513	787251	788279	790296	8	0	0	0.6	738	1	
3	38	2	1	0	I	F	791314	791329	791979	793012	795029	7	1	0	0.6	649		0
3	39	1	1	1	E	G	796047	796062	796987	798011	800028	8	0	0	0.6	924	0	
3	40	2	1	0	I	F	801047	801062	801746	802778	804795	7	1	0	0.6	684		0
3	41	2	0	1	F	I	805812	805828	806487	807510	809528	8	0	-1	0.4	659		0
3	42	1	1	0	G	E	810545	810561	811294	812326	814344	8	0	1	0.6	733	1	
3	43	2	1	0	I	F	815362	815377	816123	817159	819177	8	0	-1	0.4	746		1
3	44	1	0	1	E	G	820194	820210	820841	821875	823893	7	1	0	0.4	630	1	
3	45	1	1	1	E	G	824912	824926	825994	827025	829043	7	1	1	0.6	1067	1	
3	46	2	1	0	I	F	830060	830076	831507	832542	834559	7	1	0	0.6	1431		0
3	47	1	1	0	G	E	835577	835592	837483	838508	840525	7	1	0	0.6	1891	0	
3	48	1	1	1	E	G	841543	841558	842028	843057	845074	7	1	1	0.8	469	1	
3	49	2	0	1	F	I	846092	846108	846461	847490	849507	8	0	-1	0.6	353		0
3	50	2	1	0	I	F	850525	850540	851627	852656	854674	7	1	0	0.6	1086		0
3	51	1	1	0	G	E	855691	855707	856604	857640	859657	7	1	0	0.6	897	0	
3	52	1	0	1	E	G	860674	860690	861392	862423	864439	7	1	0	0.6	702	1	
3	53	2	1	1	F	I	865457	865473	866368	867388	869406	7	1	-1	0.4	895		1
3	54	2	1	1	F	I	870425	870439	871232	872255	874272	7	1	-1	0.2	793		1
3	55	1	1	0	G	E	875290	875305	875699	876721	878738	8	0	1	0.4	393	1	
3	56	2	1	0	I	F	879756	879771	880494	881520	883538	8	0	-1	0.2	722		1
3	57	2	0	1	F	I	884556	884571	884935	885970	887987	7	1	0	0.2	363		1
3	58	1	0	0	G	E	889005	889020	890165	891186	893204	7	1	1	0.4	1144	0	
3	59	1	1	1	E	G	894221	894237	894956	895986	898003	8	0	0	0.4	719	0	
3	60	2	0	0	I	F	899021	899036	899494	900518	902536	7	1	-1	0.2	457		0
Total money won 1.2
