Participant P019visit number -1
Stimuli number 1
Scanner Trigger at time 9000
run_number	trial_number	trial_type	outcome_type	side_type	left_stim	right_stim	stim_onset	choice_onset	interval_onset	outcome_onset	ITI_onset	button_pressed	side_chosen	trial_outcome	total	reaction_time	win_out	loss_out
1	1	1	1	0	A	D	3	15	11549	12585	14598	7	1	0	1	11532	0	
1	2	2	1	1	C	H	15617	15631	17321	18347	20364	8	0	0	1	1689		0
1	3	2	1	0	H	C	21382	21397	23659	24679	26697	7	1	0	1	2261		0
1	4	1	0	1	D	A	27714	27730	33052	34078	36096	8	0	1	1.2	5321	0	
1	5	1	1	1	D	A	37115	37129	37852	38877	40895	8	0	0	1.2	722	0	
1	6	2	1	0	H	C	41915	41928	43647	44681	46695	8	0	-1	1	1718		1
1	7	2	1	1	C	H	47713	47728	51761	52793	54811	7	1	-1	0.8	4032		1
1	8	1	1	0	A	D	55829	55844	59157	60192	62210	7	1	0	0.8	3312	0	
1	9	2	0	1	C	H	63228	63243	64520	65542	67560	8	0	-1	0.6	1276		0
1	10	1	1	1	D	A	68578	68593	69608	70642	72659	7	1	1	0.8	1014	1	
1	11	2	1	0	H	C	73677	73692	75258	76291	78309	7	1	0	0.8	1565		0
1	12	1	0	0	A	D	79327	79342	80722	81756	83775	7	1	1	1	1379	0	
1	13	1	1	1	D	A	84793	84808	85663	86690	88708	8	0	0	1	854	0	
1	14	2	0	0	H	C	89726	89741	90805	91839	93857	7	1	-1	0.8	1063		0
1	15	2	1	1	C	H	94875	94890	96380	97406	99424	8	0	0	0.8	1489		0
1	16	1	1	0	A	D	100441	100457	101402	102423	104440	7	1	0	0.8	944	0	
1	17	2	0	1	C	H	105458	105473	108371	109405	111423	8	0	-1	0.6	2897		0
1	18	1	1	1	D	A	112440	112456	114026	115054	117072	8	0	0	0.6	1570	0	
1	19	2	1	0	H	C	118090	118105	120079	121105	123122	7	1	0	0.6	1973		0
1	20	1	1	1	D	A	124139	124155	125434	126472	128488	8	0	0	0.6	1279	0	
1	21	2	1	0	H	C	129505	129521	132093	133120	135137	7	1	0	0.6	2571		0
1	22	1	1	0	A	D	136155	136170	136664	137686	139703	7	1	0	0.6	493	0	
1	23	2	0	1	C	H	140721	140736	141724	142752	144770	8	0	-1	0.4	987		0
1	24	2	1	1	C	H	145789	145803	147033	148069	150086	7	1	-1	0.2	1229		1
1	25	1	0	0	A	D	151104	151119	151612	152634	154652	7	1	1	0.4	492	0	
1	26	1	1	1	D	A	155670	155685	156363	157384	159402	8	0	0	0.4	677	0	
1	27	2	1	0	H	C	160419	160435	163727	164751	166768	7	1	0	0.4	3291		0
1	28	1	1	0	A	D	167785	167801	168549	169584	171601	7	1	0	0.4	747	0	
1	29	2	1	1	C	H	172618	172634	173812	174832	176850	7	1	-1	0.2	1177		1
1	30	1	0	1	D	A	177868	177883	178456	179485	181500	8	0	1	0.4	572	0	
1	31	2	1	0	H	C	182518	182533	185514	186548	188566	7	1	0	0.4	2980		0
1	32	2	0	0	H	C	189585	189599	190541	191564	193582	7	1	-1	0.2	941		0
1	33	1	1	1	D	A	194600	194615	195100	196130	198148	8	0	0	0.2	484	0	
1	34	1	0	0	A	D	199166	199181	200268	201298	203314	8	0	0	0.2	1086	1	
1	35	2	1	1	C	H	204332	204348	206986	208014	210031	8	0	0	0.2	2637		0
1	36	1	1	1	D	A	211048	211064	212101	213134	215147	8	0	0	0.2	1036	0	
1	37	2	0	0	H	C	216165	216180	216981	218031	220046	7	1	-1	5.55111512312578e-17	800		0
1	38	1	1	0	A	D	221064	221079	221861	222895	224913	7	1	0	5.55111512312578e-17	780	0	
1	39	2	1	1	C	H	225930	225946	226767	227796	229812	8	0	0	5.55111512312578e-17	820		0
1	40	1	1	0	A	D	230830	230845	231310	232346	234362	7	1	0	5.55111512312578e-17	465	0	
1	41	1	0	1	D	A	235380	235395	235939	236959	238978	8	0	1	0.2	543	0	
1	42	2	1	0	H	C	239996	240011	240896	241928	243944	7	1	0	0.2	884		0
1	43	1	1	0	A	D	244962	244977	245605	246627	248644	7	1	0	0.2	628	0	
1	44	2	0	1	C	H	249662	249677	250624	251658	253677	8	0	-1	5.55111512312578e-17	947		0
1	45	2	1	1	C	H	254696	254710	255469	256492	258510	8	0	0	5.55111512312578e-17	759		0
1	46	1	1	0	A	D	259527	259543	260197	261226	263243	7	1	0	5.55111512312578e-17	654	0	
1	47	2	1	0	H	C	264260	264276	265561	266590	268609	8	0	-1	0	1285		1
1	48	2	1	1	C	H	269626	269642	270714	271740	273758	8	0	0	0	1072		0
1	49	1	0	1	D	A	274776	274791	275476	276509	278525	8	0	1	0.2	684	0	
1	50	1	1	0	A	D	279542	279558	280079	281106	283124	7	1	0	0.2	521	0	
1	51	2	1	0	H	C	284142	284157	285065	286090	288107	7	1	0	0.2	908		0
1	52	2	0	1	C	H	289125	289140	290277	291306	293323	7	1	0	0.2	1137		1
1	53	1	1	1	D	A	294341	294356	294969	296006	298023	8	0	0	0.2	612	0	
1	54	1	1	1	D	A	299042	299056	299516	300539	302556	8	0	0	0.2	460	0	
1	55	2	1	0	H	C	303574	303589	304322	305355	307372	7	1	0	0.2	733		0
1	56	1	1	0	A	D	308390	308405	308929	309955	311972	7	1	0	0.2	524	0	
1	57	1	0	1	D	A	312989	313005	313531	314554	316571	8	0	1	0.4	525	0	
1	58	2	0	0	H	C	317589	317604	319296	320319	322337	7	1	-1	0.2	1691		0
1	59	2	1	1	C	H	323355	323370	324012	325036	327054	7	1	-1	0	641		1
1	60	1	0	0	A	D	328071	328087	328476	329501	331520	7	1	1	0.2	389	0	
2	1	2	1	0	P	N	334004	334020	337281	338301	340319	7	1	0	1	3261		0
2	2	1	1	1	X	K	341338	341352	342448	343483	345502	7	1	1	1.2	1095	1	
2	3	1	1	0	K	X	346520	346535	347636	348668	350685	8	0	1	1.4	1101	1	
2	4	2	0	1	N	P	351703	351718	354842	355867	357884	7	1	0	1.4	3124		1
2	5	2	1	1	N	P	358904	358917	361601	362632	364650	7	1	-1	1.2	2683		1
2	6	1	1	0	K	X	365668	365683	367543	368568	370583	8	0	1	1.4	1859	1	
2	7	1	1	1	X	K	371601	371616	372817	373849	375866	7	1	1	1.6	1200	1	
2	8	2	1	0	P	N	376884	376899	379335	380364	382382	8	0	-1	1.4	2436		1
2	9	1	0	1	X	K	383400	383415	384355	385381	387398	7	1	0	1.4	939	1	
2	10	2	1	1	N	P	388416	388431	390021	391047	393065	7	1	-1	1.2	1589		1
2	11	1	1	0	K	X	394082	394098	395107	396130	398147	8	0	1	1.4	1009	1	
2	12	2	0	0	P	N	399165	399180	402004	403029	405047	8	0	0	1.4	2823		1
2	13	2	1	1	N	P	406065	406080	407640	408662	410680	7	1	-1	1.2	1560		1
2	14	1	0	0	K	X	411697	411713	413099	414129	416146	8	0	0	1.2	1386	1	
2	15	1	1	1	X	K	417164	417179	418160	419194	421212	7	1	1	1.4	981	1	
2	16	2	1	0	P	N	422230	422245	424054	425078	427095	8	0	-1	1.2	1808		1
2	17	1	0	1	X	K	428113	428128	429034	430063	432078	7	1	0	1.2	906	1	
2	18	2	1	1	N	P	433095	433111	434548	435577	437594	8	0	0	1.2	1437		0
2	19	1	1	0	K	X	438612	438627	440137	441159	443177	8	0	1	1.4	1509	1	
2	20	2	1	1	N	P	444195	444210	446060	447092	449110	8	0	0	1.4	1850		0
2	21	1	1	0	K	X	450127	450143	451514	452542	454559	8	0	1	1.6	1371	1	
2	22	2	1	0	P	N	455577	455592	456685	457707	459725	7	1	0	1.6	1092		0
2	23	1	0	1	X	K	460743	460758	462256	463292	465308	7	1	0	1.6	1497	1	
2	24	1	1	1	X	K	466328	466341	467672	468707	470724	7	1	1	1.8	1330	1	
2	25	2	0	0	P	N	471742	471757	472947	473972	475991	7	1	-1	1.6	1189		0
2	26	2	1	1	N	P	477008	477024	478519	479539	481557	8	0	0	1.6	1495		0
2	27	1	1	0	K	X	482575	482590	483715	484739	486756	8	0	1	1.8	1125	1	
2	28	2	1	0	P	N	487774	487789	488761	489788	491806	7	1	0	1.8	971		0
2	29	1	1	1	X	K	492824	492839	494365	495387	497405	7	1	1	2	1525	1	
2	30	2	0	1	N	P	498423	498438	499467	500486	502505	8	0	-1	1.8	1028		0
2	31	1	1	0	K	X	503523	503538	504399	505420	507438	8	0	1	2	860	1	
2	32	1	0	0	K	X	508457	508471	509363	510387	512404	8	0	0	2	891	1	
2	33	2	1	1	N	P	513422	513437	514643	515670	517687	8	0	0	2	1205		0
2	34	2	0	0	P	N	518705	518720	520244	521269	523286	7	1	-1	1.8	1523		0
2	35	1	1	1	X	K	524304	524320	525157	526184	528203	7	1	1	2	837	1	
2	36	2	1	1	N	P	529220	529236	531186	532217	534236	7	1	-1	1.8	1950		1
2	37	1	0	0	K	X	535253	535269	536961	537984	540002	8	0	0	1.8	1692	1	
2	38	2	1	0	P	N	541019	541035	543040	544067	546084	7	1	0	1.8	2005		0
2	39	1	1	1	X	K	547102	547118	548050	549082	551101	7	1	1	2	932	1	
2	40	2	1	0	P	N	552118	552134	553298	554333	556350	7	1	0	2	1164		0
2	41	2	0	1	N	P	557368	557383	559035	560064	562083	8	0	-1	1.8	1651		0
2	42	1	1	0	K	X	563101	563116	564155	565181	567199	8	0	1	2	1038	1	
2	43	2	1	0	P	N	568217	568232	569197	570231	572249	7	1	0	2	964		0
2	44	1	0	1	X	K	573267	573282	574107	575132	577148	7	1	0	2	824	1	
2	45	1	1	1	X	K	578168	578181	579831	580863	582881	7	1	1	2.2	1649	1	
2	46	2	1	0	P	N	583899	583914	585663	586697	588714	7	1	0	2.2	1748		0
2	47	1	1	0	K	X	589732	589747	590785	591813	593830	8	0	1	2.4	1037	1	
2	48	1	1	1	X	K	594848	594863	595855	596880	598897	7	1	1	2.6	991	1	
2	49	2	0	1	N	P	599914	599930	601191	602211	604229	8	0	-1	2.4	1261		0
2	50	2	1	0	P	N	605247	605262	606639	607661	609679	7	1	0	2.4	1376		0
2	51	1	1	0	K	X	610697	610712	611688	612712	614728	8	0	1	2.6	975	1	
2	52	1	0	1	X	K	615746	615762	616802	617828	619845	7	1	0	2.6	1040	1	
2	53	2	1	1	N	P	620863	620878	622734	623760	625777	8	0	0	2.6	1855		0
2	54	2	1	1	N	P	626797	626811	627866	628894	630910	8	0	0	2.6	1055		0
2	55	1	1	0	K	X	631928	631943	633344	634376	636393	8	0	1	2.8	1400	1	
2	56	2	1	0	P	N	637411	637426	638651	639675	641693	7	1	0	2.8	1224		0
2	57	2	0	1	N	P	642711	642726	644153	645174	647192	8	0	-1	2.6	1426		0
2	58	1	0	0	K	X	648210	648225	649118	650141	652159	8	0	0	2.6	892	1	
2	59	1	1	1	X	K	653176	653192	653910	654941	656958	7	1	1	2.8	717	1	
2	60	2	0	0	P	N	657976	657991	659043	660075	662091	7	1	-1	2.6	1051		0
3	1	2	1	0	I	F	664625	664641	666785	667805	669824	7	1	0	1	2143		0
3	2	1	1	1	G	E	670842	670857	672024	673055	675073	7	1	1	1.2	1166	1	
3	3	1	1	0	E	G	676091	676106	676902	677925	679939	8	0	1	1.4	795	1	
3	4	2	0	1	F	I	680957	680972	685323	686354	688372	8	0	-1	1.2	4350		0
3	5	2	1	1	F	I	689391	689405	691649	692670	694688	7	1	-1	1	2243		1
3	6	1	1	0	E	G	695706	695721	697005	698036	700054	8	0	1	1.2	1283	1	
3	7	1	1	1	G	E	701072	701087	701712	702737	704754	7	1	1	1.4	624	1	
3	8	2	1	0	I	F	705772	705787	706973	708003	710020	7	1	0	1.4	1185		0
3	9	1	0	1	G	E	711038	711053	711533	712571	714586	7	1	0	1.4	479	1	
3	10	2	1	1	F	I	715605	715619	717140	718169	720186	8	0	0	1.4	1520		0
3	11	1	1	0	E	G	721204	721219	722081	723101	725119	8	0	1	1.6	861	1	
3	12	2	0	0	I	F	726137	726152	727678	728701	730718	7	1	-1	1.4	1525		0
3	13	2	1	1	F	I	731736	731751	732790	733818	735835	8	0	0	1.4	1038		0
3	14	1	0	0	E	G	736852	736868	737668	738701	740717	8	0	0	1.4	799	1	
3	15	1	1	1	G	E	741735	741750	742243	743266	745284	7	1	1	1.6	491	1	
3	16	2	1	0	I	F	746301	746317	747678	748699	750717	7	1	0	1.6	1360		0
3	17	1	0	1	G	E	751734	751750	752210	753235	755249	7	1	0	1.6	459	1	
3	18	2	1	1	F	I	756267	756283	757382	758416	760432	8	0	0	1.6	1099		0
3	19	1	1	0	E	G	761450	761465	762211	763231	765249	8	0	1	1.8	744	1	
3	20	2	1	1	F	I	766266	766282	767240	768264	770282	8	0	0	1.8	957		0
3	21	1	1	0	E	G	771299	771315	772123	773149	775164	8	0	1	2	807	1	
3	22	2	1	0	I	F	776182	776197	777174	778196	780214	7	1	0	2	975		0
3	23	1	0	1	G	E	781232	781247	781806	782830	784847	7	1	0	2	559	1	
3	24	1	1	1	G	E	785866	785880	786453	787478	789497	7	1	1	2.2	572	1	
3	25	2	0	0	I	F	790514	790530	791379	792410	794429	7	1	-1	2	848		0
3	26	2	1	1	F	I	795447	795462	796391	797412	799429	8	0	0	2	927		0
3	27	1	1	0	E	G	800447	800462	801179	802210	804229	8	0	1	2.2	716	1	
3	28	2	1	0	I	F	805246	805262	806264	807294	809311	7	1	0	2.2	1002		0
3	29	1	1	1	G	E	810329	810344	810876	811911	813928	7	1	1	2.4	531	1	
3	30	2	0	1	F	I	814945	814961	815790	816826	818844	8	0	-1	2.2	829		0
3	31	1	1	0	E	G	819862	819877	820823	821861	823877	8	0	1	2.4	945	1	
3	32	1	0	0	E	G	824896	824910	825828	826859	828876	8	0	0	2.4	918	1	
3	33	2	1	1	F	I	829894	829909	830702	831726	833743	8	0	0	2.4	791		0
3	34	2	0	0	I	F	834761	834776	835504	836525	838542	7	1	-1	2.2	728		0
3	35	1	1	1	G	E	839561	839575	840093	841124	843142	7	1	1	2.4	517	1	
3	36	2	1	1	F	I	844160	844175	845011	846040	848058	8	0	0	2.4	835		0
3	37	1	0	0	E	G	849076	849091	849819	850841	852858	8	0	0	2.4	727	1	
3	38	2	1	0	I	F	853876	853891	854739	855774	857791	7	1	0	2.4	848		0
3	39	1	1	1	G	E	858809	858824	859452	860473	862490	7	1	1	2.6	628	1	
3	40	2	1	0	I	F	863508	863523	864203	865239	867256	7	1	0	2.6	680		0
3	41	2	0	1	F	I	868274	868289	869303	870338	872356	8	0	-1	2.4	1013		0
3	42	1	1	0	E	G	873374	873389	874255	875291	877305	8	0	1	2.6	865	1	
3	43	2	1	0	I	F	878323	878339	879177	880204	882222	7	1	0	2.6	838		0
3	44	1	0	1	G	E	883239	883255	883891	884921	886938	7	1	0	2.6	636	1	
3	45	1	1	1	G	E	887957	887971	888701	889737	891754	7	1	1	2.8	730	1	
3	46	2	1	0	I	F	892772	892787	893553	894586	896604	7	1	0	2.8	765		0
3	47	1	1	0	E	G	897622	897637	898621	899651	901670	8	0	1	3	984	1	
3	48	1	1	1	G	E	902688	902703	903237	904268	906286	7	1	1	3.2	534	1	
3	49	2	0	1	F	I	907304	907319	908301	909334	911352	8	0	-1	3	981		0
3	50	2	1	0	I	F	912370	912386	913524	914551	916569	7	1	0	3	1138		0
3	51	1	1	0	E	G	917587	917602	918389	919417	921435	8	0	1	3.2	787	1	
3	52	1	0	1	G	E	922453	922468	923033	924067	926085	7	1	0	3.2	565	1	
3	53	2	1	1	F	I	927102	927118	927804	928834	930851	8	0	0	3.2	686		0
3	54	2	1	1	F	I	931870	931884	932766	933803	935817	8	0	0	3.2	882		0
3	55	1	1	0	E	G	936835	936850	937721	938750	940767	8	0	1	3.4	871	1	
3	56	2	1	0	I	F	941784	941800	942673	943698	945716	7	1	0	3.4	873		0
3	57	2	0	1	F	I	946734	946749	947782	948814	950832	8	0	-1	3.2	1032		0
3	58	1	0	0	E	G	951850	951865	952797	953831	955849	8	0	0	3.2	931	1	
3	59	1	1	1	G	E	956867	956882	957454	958481	960498	7	1	1	3.4	572	1	
3	60	2	0	0	I	F	961516	961531	963049	964080	966098	8	0	0	3.4	1517		1
Total money won 6.2
