Participant P026visit number -1
Stimuli number 1
Scanner Trigger at time 9000
run_number	trial_number	trial_type	outcome_type	side_type	left_stim	right_stim	stim_onset	choice_onset	interval_onset	outcome_onset	ITI_onset	button_pressed	side_chosen	trial_outcome	total	reaction_time	win_out	loss_out
1	1	2	1	0	H	C	4	15	17750	18781	20797	7	1	0	1	17734		0
1	2	1	1	1	A	D	21816	21830	25058	26079	28097	7	1	1	1.2	3227	1	
1	3	1	1	0	D	A	29114	29130	32083	33113	35129	8	0	1	1.4	2953	1	
1	4	2	0	1	C	H	36147	36162	37955	38978	40995	7	1	0	1.4	1792		1
1	5	2	1	1	C	H	42015	42029	43982	45011	47028	8	0	0	1.4	1953		0
1	6	1	1	0	D	A	48048	48061	49306	50328	52344	8	0	1	1.6	1244	1	
1	7	1	1	1	A	D	53362	53378	55253	56277	58294	7	1	1	1.8	1875	1	
1	8	2	1	0	H	C	59312	59327	61855	62876	64893	7	1	0	1.8	2527		0
1	9	1	0	1	A	D	65911	65926	66563	67593	69610	7	1	0	1.8	636	1	
1	10	2	1	1	C	H	70627	70643	73875	74913	76926	7	1	-1	1.6	3231		1
1	11	1	1	0	D	A	77944	77959	78817	79842	81859	8	0	1	1.8	857	1	
1	12	2	0	0	H	C	82876	82892	85307	86340	88358	8	0	0	1.8	2415		1
1	13	2	1	1	C	H	89376	89391	93418	94439	96457	7	1	-1	1.6	4026		1
1	14	1	0	0	D	A	97475	97490	99326	100358	102374	8	0	0	1.6	1835	1	
1	15	1	1	1	A	D	103391	103407	107470	108506	110523	7	1	1	1.8	4063	1	
1	16	2	1	0	H	C	111541	111556	113274	114305	116322	8	0	-1	1.6	1717		1
1	17	1	0	1	A	D	117340	117355	118387	119421	121439	8	0	1	1.8	1031	0	
1	18	2	1	1	C	H	122456	122472	124916	125937	127955	7	1	-1	1.6	2444		1
1	19	1	1	0	D	A	128972	128988	131203	132237	134254	8	0	1	1.8	2214	1	
1	20	2	1	1	C	H	135272	135287	139157	140186	142203	7	1	-1	1.6	3869		1
1	21	1	1	0	D	A	143221	143237	148489	149519	151536	8	0	1	1.8	5252	1	
1	22	2	1	0	H	C	152554	152569	153585	154618	156636	8	0	-1	1.6	1015		1
1	23	1	0	1	A	D	157653	157669	159816	160851	162868	8	0	1	1.8	2147	0	
1	24	1	1	1	A	D	163888	163901	164282	165318	167335	7	1	1	2	380	1	
1	25	2	0	0	H	C	168353	168368	168904	169933	171951	8	0	0	2	536		1
1	26	2	1	1	C	H	172969	172984	173292	174316	176334	7	1	-1	1.8	307		1
1	27	1	1	0	D	A	177352	177367	181854	182882	184900	8	0	1	2	4486	1	
1	28	2	1	0	H	C	185918	185933	190061	191081	193099	7	1	0	2	4127		0
1	29	1	1	1	A	D	194117	194132	195066	196097	198115	7	1	1	2.2	933	1	
1	30	2	0	1	C	H	199133	199148	205221	206246	208264	8	0	-1	2	6072		0
1	31	1	1	0	D	A	209282	209298	210302	211329	213347	8	0	1	2.2	1004	1	
1	32	1	0	0	D	A	214367	214380	216157	217179	219197	8	0	0	2.2	1776	1	
1	33	2	1	1	C	H	220214	220230	228274	229294	231312	7	1	-1	2	8043		1
1	34	2	0	0	H	C	232330	232346	240151	241178	243195	7	1	-1	1.8	7805		0
1	35	1	1	1	A	D	244213	244228	245863	246892	248911	7	1	1	2	1634	1	
1	36	2	1	1	C	H	249929	249944	252894	253926	255944	8	0	0	2	2949		0
1	37	1	0	0	D	A	256961	256977	258246	259276	261293	8	0	0	2	1268	1	
1	38	2	1	0	H	C	262311	262326	279736	280760	282775	8	0	-1	1.8	17409		1
1	39	1	1	1	A	D	283793	283808	286499	287522	289541	7	1	1	2	2690	1	
1	40	2	1	0	H	C	290559	290574	293324	294356	296374	7	1	0	2	2749		0
1	41	2	0	1	C	H	297391	297407	298622	299654	301673	8	0	-1	1.8	1215		0
1	42	1	1	0	D	A	302691	302706	303511	304537	306556	8	0	1	2	804	1	
1	43	2	1	0	H	C	307574	307589	309783	310804	312822	8	0	-1	1.8	2193		1
1	44	1	0	1	A	D	313840	313855	315103	316137	318155	7	1	0	1.8	1247	1	
1	45	1	1	1	A	D	319174	319188	319956	320987	323005	7	1	1	2	767	1	
1	46	2	1	0	H	C	324022	324038	326739	327769	329787	7	1	0	2	2701		0
1	47	1	1	0	D	A	330805	330820	331436	332469	334487	8	0	1	2.2	615	1	
1	48	1	1	1	A	D	335505	335520	336445	337470	339487	7	1	1	2.4	924	1	
1	49	2	0	1	C	H	340504	340520	341761	342785	344803	7	1	0	2.4	1241		1
1	50	2	1	0	H	C	345821	345836	351179	352202	354219	7	1	0	2.4	5342		0
1	51	1	1	0	D	A	355236	355252	355943	356967	358985	8	0	1	2.6	691	1	
1	52	1	0	1	A	D	360003	360018	360844	361867	363884	7	1	0	2.6	825	1	
1	53	2	1	1	C	H	364902	364918	365659	366683	368701	7	1	-1	2.4	741		1
1	54	2	1	1	C	H	369720	369734	372744	373765	375783	8	0	0	2.4	3010		0
1	55	1	1	0	D	A	376801	376817	377699	378732	380750	8	0	1	2.6	882	1	
1	56	2	1	0	H	C	381768	381783	384934	385965	387982	8	0	-1	2.4	3151		1
1	57	2	0	1	C	H	389000	389015	390235	391265	393282	8	0	-1	2.2	1219		0
1	58	1	0	0	D	A	394300	394315	394982	396014	398032	8	0	0	2.2	666	1	
1	59	1	1	1	A	D	399049	399065	399949	400980	402998	7	1	1	2.4	884	1	
1	60	2	0	0	H	C	404016	404031	404756	405780	407797	7	1	-1	2.2	724		0
2	1	1	1	0	X	K	433349	433362	438154	439178	441195	8	0	1	1.2	4792	1	
2	2	2	1	1	N	P	442213	442228	444992	446027	448044	8	0	0	1.2	2764		0
2	3	2	1	0	P	N	449062	449077	453953	454979	456993	7	1	0	1.2	4875		0
2	4	1	0	1	K	X	458011	458026	460014	461042	463059	7	1	0	1.2	1987	1	
2	5	1	1	1	K	X	464079	464092	466671	467708	469725	7	1	1	1.4	2578	1	
2	6	2	1	0	P	N	470743	470758	471798	472824	474842	7	1	0	1.4	1039		0
2	7	2	1	1	N	P	475859	475875	476786	477808	479825	8	0	0	1.4	911		0
2	8	1	1	0	X	K	480842	480858	481937	482974	484991	8	0	1	1.6	1079	1	
2	9	2	0	1	N	P	486009	486024	486719	487739	489757	8	0	-1	1.4	694		0
2	10	1	1	1	K	X	490775	490790	492230	493256	495273	7	1	1	1.6	1439	1	
2	11	2	1	0	P	N	496291	496306	497382	498405	500423	7	1	0	1.6	1075		0
2	12	1	0	0	X	K	501441	501456	502570	503605	505622	8	0	0	1.6	1113	1	
2	13	1	1	1	K	X	506640	506655	507841	508871	510889	7	1	1	1.8	1185	1	
2	14	2	0	0	P	N	511906	511922	515938	516970	518988	8	0	0	1.8	4016		1
2	15	2	1	1	N	P	520006	520021	522295	523320	525337	7	1	-1	1.6	2273		1
2	16	1	1	0	X	K	526355	526370	527384	528419	530437	8	0	1	1.8	1013	1	
2	17	2	0	1	N	P	531455	531470	533544	534569	536586	8	0	-1	1.6	2073		0
2	18	1	1	1	K	X	537604	537619	538493	539518	541536	7	1	1	1.8	873	1	
2	19	2	1	0	P	N	542554	542569	544899	545936	547952	7	1	0	1.8	2329		0
2	20	1	1	1	K	X	548970	548985	549980	551001	553018	7	1	1	2	994	1	
2	21	2	1	0	P	N	554036	554051	554802	555834	557851	8	0	-1	1.8	750		1
2	22	1	1	0	X	K	558869	558884	559809	560833	562851	8	0	1	2	924	1	
2	23	2	0	1	N	P	563869	563884	565213	566248	568267	8	0	-1	1.8	1329		0
2	24	2	1	1	N	P	569286	569300	571935	572966	574983	8	0	0	1.8	2634		0
2	25	1	0	0	X	K	576001	576016	577136	578166	580183	8	0	0	1.8	1119	1	
2	26	1	1	1	K	X	581200	581216	582347	583382	585399	7	1	1	2	1131	1	
2	27	2	1	0	P	N	586417	586432	587988	589014	591032	7	1	0	2	1555		0
2	28	1	1	0	X	K	592049	592065	593163	594196	596215	8	0	1	2.2	1097	1	
2	29	2	1	1	N	P	597232	597248	599317	600346	602364	7	1	-1	2	2069		1
2	30	1	0	1	K	X	603382	603397	604824	605846	607864	7	1	0	2	1426	1	
2	31	2	1	0	P	N	608881	608897	610397	611430	613446	7	1	0	2	1500		0
2	32	2	0	0	P	N	614466	614479	616677	617712	619729	8	0	0	2	2197		1
2	33	1	1	1	K	X	620747	620762	621694	622728	624745	7	1	1	2.2	931	1	
2	34	1	0	0	X	K	625763	625779	626869	627894	629912	8	0	0	2.2	1090	1	
2	35	2	1	1	N	P	630929	630945	632739	633761	635778	8	0	0	2.2	1794		0
2	36	1	1	1	K	X	636796	636811	637532	638560	640577	7	1	1	2.4	720	1	
2	37	2	0	0	P	N	641595	641610	643749	644776	646794	7	1	-1	2.2	2138		0
2	38	1	1	0	X	K	647811	647827	648746	649776	651793	8	0	1	2.4	919	1	
2	39	2	1	1	N	P	652811	652826	654261	655293	657309	8	0	0	2.4	1434		0
2	40	1	1	0	X	K	658327	658342	659299	660325	662342	8	0	1	2.6	956	1	
2	41	1	0	1	K	X	663360	663375	664318	665341	667358	7	1	0	2.6	942	1	
2	42	2	1	0	P	N	668376	668392	669979	671007	673025	8	0	-1	2.4	1587		1
2	43	1	1	0	X	K	674042	674058	675085	676107	678124	8	0	1	2.6	1027	1	
2	44	2	0	1	N	P	679142	679157	679735	680756	682774	7	1	0	2.6	577		1
2	45	2	1	1	N	P	683793	683807	685168	686189	688207	7	1	-1	2.4	1360		1
2	46	1	1	0	X	K	689225	689240	690034	691056	693073	8	0	1	2.6	794	1	
2	47	2	1	0	P	N	694091	694106	696104	697138	699156	7	1	0	2.6	1997		0
2	48	2	1	1	N	P	700174	700189	701469	702505	704522	8	0	0	2.6	1280		0
2	49	1	0	1	K	X	705540	705555	706788	707822	709838	7	1	0	2.6	1232	1	
2	50	1	1	0	X	K	710856	710871	711884	712922	714938	8	0	1	2.8	1012	1	
2	51	2	1	0	P	N	715956	715971	717631	718653	720671	7	1	0	2.8	1659		0
2	52	2	0	1	N	P	721690	721704	725178	726202	728220	8	0	-1	2.6	3474		0
2	53	1	1	1	K	X	729238	729253	730242	731270	733286	7	1	1	2.8	988	1	
2	54	1	1	1	K	X	734306	734319	735230	736252	738269	7	1	1	3	910	1	
2	55	2	1	0	P	N	739287	739302	740415	741451	743469	7	1	0	3	1112		0
2	56	1	1	0	X	K	744487	744502	745628	746650	748668	8	0	1	3.2	1126	1	
2	57	1	0	1	K	X	749686	749701	750573	751600	753618	7	1	0	3.2	871	1	
2	58	2	0	0	P	N	754636	754651	757001	758034	760051	8	0	0	3.2	2349		1
2	59	2	1	1	N	P	761068	761084	762353	763381	765400	7	1	-1	3	1269		1
2	60	1	0	0	X	K	766418	766433	767254	768282	770300	8	0	0	3	820	1	
3	1	1	1	0	G	E	774734	774749	777753	778780	780799	8	0	1	1.2	3003	1	
3	2	2	1	1	F	I	781818	781832	784451	785480	787498	7	1	-1	1	2618		1
3	3	2	1	0	I	F	788516	788531	789751	790780	792798	7	1	0	1	1219		0
3	4	1	0	1	E	G	793816	793831	795804	796831	798847	7	1	0	1	1973	1	
3	5	1	1	1	E	G	799866	799880	801712	802745	804763	7	1	1	1.2	1831	1	
3	6	2	1	0	I	F	805781	805796	806936	807962	809980	7	1	0	1.2	1139		0
3	7	2	1	1	F	I	810997	811013	813570	814596	816612	8	0	0	1.2	2557		0
3	8	1	1	0	G	E	817631	817645	818612	819645	821662	8	0	1	1.4	966	1	
3	9	2	0	1	F	I	822680	822695	823535	824560	826578	8	0	-1	1.2	839		0
3	10	1	1	1	E	G	827596	827611	828330	829361	831378	7	1	1	1.4	718	1	
3	11	2	1	0	I	F	832396	832411	833067	834093	836111	7	1	0	1.4	656		0
3	12	1	0	0	G	E	837128	837144	837936	838960	840977	8	0	0	1.4	792	1	
3	13	1	1	1	E	G	841995	842010	842743	843776	845793	7	1	1	1.6	732	1	
3	14	2	0	0	I	F	846811	846826	847868	848892	850909	7	1	-1	1.4	1041		0
3	15	2	1	1	F	I	851927	851942	854026	855058	857076	8	0	0	1.4	2083		0
3	16	1	1	0	G	E	858093	858109	858713	859741	861758	8	0	1	1.6	604	1	
3	17	2	0	1	F	I	862776	862792	863777	864807	866825	7	1	0	1.6	985		1
3	18	1	1	1	E	G	867842	867858	869821	870857	872874	8	0	0	1.6	1963	0	
3	19	2	1	0	I	F	873892	873907	875258	876289	878307	8	0	-1	1.4	1350		1
3	20	1	1	1	E	G	879325	879340	879881	880906	882923	7	1	1	1.6	540	1	
3	21	2	1	0	I	F	883941	883956	884490	885522	887540	7	1	0	1.6	533		0
3	22	1	1	0	G	E	888557	888573	889494	890522	892539	8	0	1	1.8	921	1	
3	23	2	0	1	F	I	893557	893572	899032	900054	902072	8	0	-1	1.6	5459		0
3	24	2	1	1	F	I	903091	903105	904342	905372	907388	8	0	0	1.6	1237		0
3	25	1	0	0	G	E	908406	908421	909241	910271	912287	8	0	0	1.6	819	1	
3	26	1	1	1	E	G	913305	913321	914063	915086	917104	7	1	1	1.8	742	1	
3	27	2	1	0	I	F	918121	918137	920207	921235	923253	8	0	-1	1.6	2069		1
3	28	1	1	0	G	E	924271	924286	925127	926152	928169	8	0	1	1.8	840	1	
3	29	2	1	1	F	I	929187	929203	930611	931635	933652	8	0	0	1.8	1408		0
3	30	1	0	1	E	G	934670	934685	935526	936552	938569	7	1	0	1.8	840	1	
3	31	2	1	0	I	F	939586	939602	941665	942701	944718	7	1	0	1.8	2063		0
3	32	2	0	0	I	F	945737	945751	949278	950299	952317	7	1	-1	1.6	3526		0
3	33	1	1	1	E	G	953335	953350	954158	955183	957200	7	1	1	1.8	807	1	
3	34	1	0	0	G	E	958218	958233	959245	960267	962283	8	0	0	1.8	1011	1	
3	35	2	1	1	F	I	963301	963316	964100	965133	967149	8	0	0	1.8	783		0
3	36	1	1	1	E	G	968168	968182	968867	969897	971916	7	1	1	2	684	1	
3	37	2	0	0	I	F	972933	972949	974345	975381	977399	8	0	0	2	1396		1
3	38	1	1	0	G	E	978416	978432	979093	980114	982131	8	0	1	2.2	661	1	
3	39	2	1	1	F	I	983149	983165	983735	984763	986781	8	0	0	2.2	570		0
3	40	1	1	0	G	E	987799	987814	988561	989597	991614	8	0	1	2.4	746	1	
3	41	1	0	1	E	G	992632	992647	993480	994513	996530	7	1	0	2.4	832	1	
3	42	2	1	0	I	F	997548	997563	998393	999430	1001447	7	1	0	2.4	829		0
3	43	1	1	0	G	E	1002464	1002480	1003144	1004179	1006196	8	0	1	2.6	664	1	
3	44	2	0	1	F	I	1007214	1007229	1008178	1009211	1011229	8	0	-1	2.4	948		0
3	45	2	1	1	F	I	1012248	1012262	1012720	1013746	1015762	8	0	0	2.4	457		0
3	46	1	1	0	G	E	1016780	1016795	1017402	1018427	1020445	8	0	1	2.6	606	1	
3	47	2	1	0	I	F	1021463	1021478	1022314	1023343	1025361	8	0	-1	2.4	835		1
3	48	2	1	1	F	I	1026379	1026394	1027702	1028727	1030744	8	0	0	2.4	1307		0
3	49	1	0	1	E	G	1031762	1031777	1032365	1033393	1035410	7	1	0	2.4	587	1	
3	50	1	1	0	G	E	1036428	1036443	1037157	1038193	1040210	8	0	1	2.6	713	1	
3	51	2	1	0	I	F	1041228	1041243	1043561	1044592	1046609	7	1	0	2.6	2317		0
3	52	2	0	1	F	I	1047627	1047642	1051070	1052092	1054109	7	1	0	2.6	3427		1
3	53	1	1	1	E	G	1055127	1055142	1055925	1056958	1058975	7	1	1	2.8	783	1	
3	54	1	1	1	E	G	1059994	1060008	1060875	1061907	1063924	7	1	1	3	866	1	
3	55	2	1	0	I	F	1064942	1064958	1065601	1066622	1068641	8	0	-1	2.8	643		1
3	56	1	1	0	G	E	1069659	1069674	1070453	1071489	1073507	8	0	1	3	779	1	
3	57	1	0	1	E	G	1074525	1074540	1075330	1076356	1078373	7	1	0	3	789	1	
3	58	2	0	0	I	F	1079391	1079406	1081057	1082089	1084106	7	1	-1	2.8	1650		0
3	59	2	1	1	F	I	1085124	1085139	1088654	1089690	1091705	7	1	-1	2.6	3514		1
3	60	1	0	0	G	E	1092724	1092738	1093338	1094371	1096388	8	0	0	2.6	599	1	
Total money won 7.8
