Participant P027visit number -1
Stimuli number 1
Scanner Trigger at time 9000
run_number	trial_number	trial_type	outcome_type	side_type	left_stim	right_stim	stim_onset	choice_onset	interval_onset	outcome_onset	ITI_onset	button_pressed	side_chosen	trial_outcome	total	reaction_time	win_out	loss_out
1	1	2	1	0	H	C	5	15	1657	2683	4699	8	0	-1	0.8	1641		1
1	2	1	1	1	A	D	5718	5732	7164	8196	10215	7	1	1	1	1432	1	
1	3	1	1	0	D	A	11233	11248	12114	13147	15164	8	0	1	1.2	866	1	
1	4	2	0	1	C	H	16182	16197	17666	18701	20714	7	1	0	1.2	1468		1
1	5	2	1	1	C	H	21733	21747	23339	24361	26380	7	1	-1	1	1592		1
1	6	1	1	0	D	A	27400	27413	28035	29062	31080	8	0	1	1.2	621	1	
1	7	1	1	1	A	D	32097	32113	32749	33780	35796	7	1	1	1.4	636	1	
1	8	2	1	0	H	C	36813	36829	37543	38577	40596	7	1	0	1.4	713		0
1	9	1	0	1	A	D	41613	41629	42493	43528	45545	7	1	0	1.4	864	1	
1	10	2	1	1	C	H	46563	46578	47403	48428	50445	8	0	0	1.4	824		0
1	11	1	1	0	D	A	51462	51478	52169	53194	55211	8	0	1	1.6	691	1	
1	12	2	0	0	H	C	56229	56244	57149	58176	60194	7	1	-1	1.4	904		0
1	13	2	1	1	C	H	61212	61227	62231	63260	65277	8	0	0	1.4	1004		0
1	14	1	0	0	D	A	66295	66310	66917	67943	69960	8	0	0	1.4	607	1	
1	15	1	1	1	A	D	70977	70993	72058	73092	75109	7	1	1	1.6	1065	1	
1	16	2	1	0	H	C	76127	76142	81602	82624	84642	7	1	0	1.6	5459		0
1	17	1	0	1	A	D	85660	85675	86183	87208	89225	7	1	0	1.6	508	1	
1	18	2	1	1	C	H	90242	90258	91103	92124	94141	8	0	0	1.6	845		0
1	19	1	1	0	D	A	95159	95174	95641	96673	98691	8	0	1	1.8	466	1	
1	20	2	1	1	C	H	99708	99724	100391	101422	103440	8	0	0	1.8	667		0
1	21	1	1	0	D	A	104458	104473	104998	106023	108040	8	0	1	2	524	1	
1	22	2	1	0	H	C	109058	109073	110258	111288	113306	7	1	0	2	1185		0
1	23	1	0	1	A	D	114324	114339	115435	116471	118489	7	1	0	2	1095	1	
1	24	1	1	1	A	D	119508	119522	121865	122888	124905	8	0	0	2	2343	0	
1	25	2	0	0	H	C	125923	125938	127210	128238	130254	8	0	0	2	1271		1
1	26	2	1	1	C	H	131272	131288	132554	133585	135604	7	1	-1	1.8	1266		1
1	27	1	1	0	D	A	136622	136637	138582	139604	141620	7	1	0	1.8	1944	0	
1	28	2	1	0	H	C	142638	142653	143688	144719	146736	7	1	0	1.8	1034		0
1	29	1	1	1	A	D	147754	147769	148641	149669	151686	8	0	0	1.8	871	0	
1	30	2	0	1	C	H	152704	152719	153657	154685	156702	8	0	-1	1.6	937		0
1	31	1	1	0	D	A	157720	157735	158278	159301	161318	8	0	1	1.8	542	1	
1	32	1	0	0	D	A	162338	162352	163017	164050	166068	8	0	0	1.8	665	1	
1	33	2	1	1	C	H	167086	167101	167643	168667	170684	8	0	0	1.8	541		0
1	34	2	0	0	H	C	171702	171717	172825	173851	175867	7	1	-1	1.6	1107		0
1	35	1	1	1	A	D	176885	176900	177960	178982	181000	7	1	1	1.8	1059	1	
1	36	2	1	1	C	H	182018	182033	182638	183666	185683	8	0	0	1.8	604		0
1	37	1	0	0	D	A	186701	186716	187400	188432	190449	8	0	0	1.8	683	1	
1	38	2	1	0	H	C	191467	191482	192345	193382	195399	7	1	0	1.8	862		0
1	39	1	1	1	A	D	196417	196432	197000	198030	200049	7	1	1	2	567	1	
1	40	2	1	0	H	C	201066	201082	201667	202697	204715	7	1	0	2	585		0
1	41	2	0	1	C	H	205733	205748	206643	207662	209681	8	0	-1	1.8	895		0
1	42	1	1	0	D	A	210699	210714	211290	212313	214331	8	0	1	2	575	1	
1	43	2	1	0	H	C	215348	215364	215878	216912	218930	7	1	0	2	514		0
1	44	1	0	1	A	D	219948	219963	220668	221696	223713	7	1	0	2	704	1	
1	45	1	1	1	A	D	224733	224746	225550	226578	228596	7	1	1	2.2	803	1	
1	46	2	1	0	H	C	229614	229629	230182	231212	233229	7	1	0	2.2	552		0
1	47	1	1	0	D	A	234247	234262	234784	235811	237829	8	0	1	2.4	522	1	
1	48	1	1	1	A	D	238846	238862	239445	240478	242495	7	1	1	2.6	583	1	
1	49	2	0	1	C	H	243513	243528	244235	245261	247278	8	0	-1	2.4	706		0
1	50	2	1	0	H	C	248296	248311	249441	250476	252494	7	1	0	2.4	1129		0
1	51	1	1	0	D	A	253512	253527	254071	255093	257110	8	0	1	2.6	543	1	
1	52	1	0	1	A	D	258128	258143	259179	260209	262227	7	1	0	2.6	1035	1	
1	53	2	1	1	C	H	263244	263260	264807	265842	267859	7	1	-1	2.4	1547		1
1	54	2	1	1	C	H	268879	268892	270377	271408	273426	8	0	0	2.4	1484		0
1	55	1	1	0	D	A	274443	274459	275163	276191	278208	8	0	1	2.6	704	1	
1	56	2	1	0	H	C	279226	279242	280011	281040	283058	7	1	0	2.6	769		0
1	57	2	0	1	C	H	284076	284091	284589	285623	287641	8	0	-1	2.4	497		0
1	58	1	0	0	D	A	288659	288674	289070	290106	292124	8	0	0	2.4	395	1	
1	59	1	1	1	A	D	293142	293157	293784	294806	296824	7	1	1	2.6	626	1	
1	60	2	0	0	H	C	297841	297857	298560	299589	301606	8	0	0	2.6	703		1
2	1	1	1	0	X	K	308009	308022	311234	312271	314289	8	0	1	1.2	3211	1	
2	2	2	1	1	N	P	315307	315322	316593	317620	319638	8	0	0	1.2	1271		0
2	3	2	1	0	P	N	320656	320671	321992	323019	325038	8	0	-1	1	1320		1
2	4	1	0	1	K	X	326056	326071	327327	328353	330371	7	1	0	1	1256	1	
2	5	1	1	1	K	X	331390	331404	332987	334019	336037	8	0	0	1	1583	0	
2	6	2	1	0	P	N	337055	337070	338542	339569	341586	7	1	0	1	1472		0
2	7	2	1	1	N	P	342604	342619	343285	344319	346336	8	0	0	1	665		0
2	8	1	1	0	X	K	347354	347369	349119	350150	352169	8	0	1	1.2	1749	1	
2	9	2	0	1	N	P	353187	353202	353732	354766	356785	8	0	-1	1	530		0
2	10	1	1	1	K	X	357803	357818	358841	359866	361885	7	1	1	1.2	1022	1	
2	11	2	1	0	P	N	362902	362918	364548	365582	367601	8	0	-1	1	1630		1
2	12	1	0	0	X	K	368619	368634	369933	370966	372984	8	0	0	1	1299	1	
2	13	1	1	1	K	X	374001	374017	375439	376465	378483	7	1	1	1.2	1422	1	
2	14	2	0	0	P	N	379501	379516	380804	381832	383849	8	0	0	1.2	1287		1
2	15	2	1	1	N	P	384868	384882	386780	387814	389832	7	1	-1	1	1897		1
2	16	1	1	0	X	K	390850	390865	391443	392463	394482	8	0	1	1.2	577	1	
2	17	2	0	1	N	P	395500	395515	396258	397279	399298	8	0	-1	1	743		0
2	18	1	1	1	K	X	400316	400331	401091	402112	404131	7	1	1	1.2	759	1	
2	19	2	1	0	P	N	405149	405164	405977	407013	409031	7	1	0	1.2	812		0
2	20	1	1	1	K	X	410048	410064	410807	411829	413847	7	1	1	1.4	743	1	
2	21	2	1	0	P	N	414865	414880	415523	416546	418563	7	1	0	1.4	643		0
2	22	1	1	0	X	K	419581	419596	420458	421478	423496	8	0	1	1.6	861	1	
2	23	2	0	1	N	P	424514	424529	447979	449010	451027	8	0	-1	1.4	23449		0
2	24	2	1	1	N	P	452046	452060	454877	455909	457926	8	0	0	1.4	2816		0
2	25	1	0	0	X	K	458944	458959	461508	462542	464559	7	1	1	1.6	2548	0	
2	26	1	1	1	K	X	465577	465592	466880	467908	469925	8	0	0	1.6	1287	0	
2	27	2	1	0	P	N	470944	470958	473551	474574	476591	7	1	0	1.6	2592		0
2	28	1	1	0	X	K	477609	477625	478742	479775	481791	7	1	0	1.6	1117	0	
2	29	2	1	1	N	P	482809	482824	486621	487657	489674	8	0	0	1.6	3796		0
2	30	1	0	1	K	X	490692	490707	491731	492755	494773	8	0	1	1.8	1024	0	
2	31	2	1	0	P	N	495791	495806	497069	498105	500123	7	1	0	1.8	1262		0
2	32	2	0	0	P	N	501142	501156	502531	503555	505572	7	1	-1	1.6	1375		0
2	33	1	1	1	K	X	506590	506605	507745	508771	510789	8	0	0	1.6	1139	0	
2	34	1	0	0	X	K	511806	511822	512688	513721	515738	7	1	1	1.8	866	0	
2	35	2	1	1	N	P	516756	516771	518607	519636	521654	7	1	-1	1.6	1835		1
2	36	1	1	1	K	X	522672	522687	524572	525603	527620	8	0	0	1.6	1884	0	
2	37	2	0	0	P	N	528638	528653	529221	530252	532270	7	1	-1	1.4	567		0
2	38	1	1	0	X	K	533288	533303	537657	538685	540703	8	0	1	1.6	4353	1	
2	39	2	1	1	N	P	541721	541736	544586	545618	547635	7	1	-1	1.4	2850		1
2	40	1	1	0	X	K	548653	548668	549532	550568	552585	7	1	0	1.4	863	0	
2	41	1	0	1	K	X	553603	553618	555564	556600	558618	8	0	1	1.6	1945	0	
2	42	2	1	0	P	N	559636	559651	565702	566732	568750	8	0	-1	1.4	6051		1
2	43	1	1	0	X	K	569768	569783	572517	573549	575566	8	0	1	1.6	2733	1	
2	44	2	0	1	N	P	576584	576599	580308	581331	583349	8	0	-1	1.4	3708		0
2	45	2	1	1	N	P	584368	584382	586934	587966	589982	7	1	-1	1.2	2551		1
2	46	1	1	0	X	K	591000	591015	592098	593130	595148	8	0	1	1.4	1082	1	
2	47	2	1	0	P	N	596166	596181	599882	600912	602931	7	1	0	1.4	3700		0
2	48	2	1	1	N	P	603948	603964	606083	607113	609130	7	1	-1	1.2	2119		1
2	49	1	0	1	K	X	610148	610163	612036	613062	615080	8	0	1	1.4	1872	0	
2	50	1	1	0	X	K	616097	616113	618302	619329	621346	8	0	1	1.6	2189	1	
2	51	2	1	0	P	N	622364	622379	625073	626097	628112	7	1	0	1.6	2694		0
2	52	2	0	1	N	P	629130	629145	630122	631145	633161	7	1	0	1.6	977		1
2	53	1	1	1	K	X	634179	634194	641460	642493	644510	7	1	1	1.8	7265	1	
2	54	1	1	1	K	X	645530	645543	646169	647192	649210	8	0	0	1.8	625	0	
2	55	2	1	0	P	N	650228	650243	653775	654809	656826	7	1	0	1.8	3531		0
2	56	1	1	0	X	K	657844	657859	660681	661707	663725	8	0	1	2	2821	1	
2	57	1	0	1	K	X	664743	664758	666051	667074	669092	8	0	1	2.2	1292	0	
2	58	2	0	0	P	N	670109	670125	672283	673308	675324	8	0	0	2.2	2158		1
2	59	2	1	1	N	P	676342	676358	679881	680907	682924	8	0	0	2.2	3523		0
2	60	1	0	0	X	K	683941	683957	685698	686723	688740	8	0	0	2.2	1741	1	
3	1	1	1	0	G	E	696191	696206	697753	698788	700806	8	0	1	1.2	1547	1	
3	2	2	1	1	F	I	701824	701839	704237	705270	707288	7	1	-1	1	2398		1
3	3	2	1	0	I	F	708306	708321	709817	710854	712871	7	1	0	1	1495		0
3	4	1	0	1	E	G	713889	713904	714953	715987	718004	7	1	0	1	1048	1	
3	5	1	1	1	E	G	719024	719037	719926	720952	722970	7	1	1	1.2	888	1	
3	6	2	1	0	I	F	723988	724003	724953	725987	728003	7	1	0	1.2	949		0
3	7	2	1	1	F	I	729021	729036	730248	731270	733286	8	0	0	1.2	1211		0
3	8	1	1	0	G	E	734304	734319	735310	736334	738352	8	0	1	1.4	990	1	
3	9	2	0	1	F	I	739370	739385	743009	744033	746052	7	1	0	1.4	3623		1
3	10	1	1	1	E	G	747070	747085	747886	748917	750935	7	1	1	1.6	801	1	
3	11	2	1	0	I	F	751952	751968	753603	754634	756651	7	1	0	1.6	1635		0
3	12	1	0	0	G	E	757669	757684	759634	760668	762684	7	1	1	1.8	1950	0	
3	13	1	1	1	E	G	763701	763717	765543	766566	768583	7	1	1	2	1826	1	
3	14	2	0	0	I	F	769601	769616	772410	773431	775449	7	1	-1	1.8	2793		0
3	15	2	1	1	F	I	776467	776482	779085	780115	782132	7	1	-1	1.6	2602		1
3	16	1	1	0	G	E	783150	783165	793561	794597	796614	8	0	1	1.8	10395	1	
3	17	2	0	1	F	I	797632	797647	799283	800312	802330	8	0	-1	1.6	1635		0
3	18	1	1	1	E	G	803348	803363	804595	805629	807646	8	0	0	1.6	1231	0	
3	19	2	1	0	I	F	808664	808679	809303	810328	812346	8	0	-1	1.4	623		1
3	20	1	1	1	E	G	813364	813379	813858	814894	816912	8	0	0	1.4	478	0	
3	21	2	1	0	I	F	817930	817945	818774	819795	821812	7	1	0	1.4	828		0
3	22	1	1	0	G	E	822830	822845	823626	824662	826678	7	1	0	1.4	781	0	
3	23	2	0	1	F	I	827696	827711	828791	829826	831844	8	0	-1	1.2	1079		0
3	24	2	1	1	F	I	832864	832877	834595	835627	837644	8	0	0	1.2	1717		0
3	25	1	0	0	G	E	838662	838677	839289	840310	842327	8	0	0	1.2	612	1	
3	26	1	1	1	E	G	843345	843360	845698	846725	848743	7	1	1	1.4	2338	1	
3	27	2	1	0	I	F	849761	849776	850238	851258	853276	7	1	0	1.4	461		0
3	28	1	1	0	G	E	854294	854309	854961	855994	858009	8	0	1	1.6	652	1	
3	29	2	1	1	F	I	859027	859042	859707	860741	862758	8	0	0	1.6	665		0
3	30	1	0	1	E	G	863776	863791	865840	866874	868891	7	1	0	1.6	2048	1	
3	31	2	1	0	I	F	869909	869924	870987	872024	874041	7	1	0	1.6	1062		0
3	32	2	0	0	I	F	875060	875074	877460	878490	880507	7	1	-1	1.4	2386		0
3	33	1	1	1	E	G	881524	881540	882335	883355	885373	7	1	1	1.6	795	1	
3	34	1	0	0	G	E	886391	886406	887117	888138	890156	8	0	0	1.6	710	1	
3	35	2	1	1	F	I	891174	891189	891539	892572	894589	8	0	0	1.6	349		0
3	36	1	1	1	E	G	895607	895622	896180	897205	899222	7	1	1	1.8	557	1	
3	37	2	0	0	I	F	900240	900255	901437	902471	904488	7	1	-1	1.6	1181		0
3	38	1	1	0	G	E	905506	905521	906157	907187	909204	8	0	1	1.8	635	1	
3	39	2	1	1	F	I	910222	910237	911731	912753	914771	8	0	0	1.8	1493		0
3	40	1	1	0	G	E	915788	915804	920061	921085	923103	8	0	1	2	4257	1	
3	41	1	0	1	E	G	924121	924136	925832	926868	928886	7	1	0	2	1695	1	
3	42	2	1	0	I	F	929904	929919	933661	934685	936702	7	1	0	2	3741		0
3	43	1	1	0	G	E	937720	937735	939009	940033	942052	8	0	1	2.2	1273	1	
3	44	2	0	1	F	I	943069	943085	943443	944466	946485	8	0	-1	2	358		0
3	45	2	1	1	F	I	947504	947518	948496	949516	951534	8	0	0	2	978		0
3	46	1	1	0	G	E	952552	952567	953264	954298	956317	8	0	1	2.2	696	1	
3	47	2	1	0	I	F	957335	957350	958136	959165	961183	7	1	0	2.2	785		0
3	48	2	1	1	F	I	962201	962216	962925	963949	965966	8	0	0	2.2	708		0
3	49	1	0	1	E	G	966984	966999	967743	968765	970783	8	0	1	2.4	743	0	
3	50	1	1	0	G	E	971800	971816	973831	974865	976882	8	0	1	2.6	2015	1	
3	51	2	1	0	I	F	977900	977915	978366	979397	981415	7	1	0	2.6	450		0
3	52	2	0	1	F	I	982433	982448	983088	984114	986131	8	0	-1	2.4	639		0
3	53	1	1	1	E	G	987149	987164	987644	988680	990697	8	0	0	2.4	479	0	
3	54	1	1	1	E	G	991717	991730	992988	994013	996030	7	1	1	2.6	1257	1	
3	55	2	1	0	I	F	997048	997063	997700	998728	1000747	8	0	-1	2.4	636		1
3	56	1	1	0	G	E	1001764	1001780	1004372	1005395	1007413	8	0	1	2.6	2592	1	
3	57	1	0	1	E	G	1008430	1008446	1010073	1011095	1013112	8	0	1	2.8	1627	0	
3	58	2	0	0	I	F	1014130	1014145	1015967	1016994	1019012	7	1	-1	2.6	1821		0
3	59	2	1	1	F	I	1020029	1020045	1020589	1021610	1023628	8	0	0	2.6	544		0
3	60	1	0	0	G	E	1024646	1024661	1028746	1029777	1031794	8	0	0	2.6	4085	1	
Total money won 7.4
