Participant P029visit number -1
Stimuli number 1
Scanner Trigger at time 12000
run_number	trial_number	trial_type	outcome_type	side_type	left_stim	right_stim	stim_onset	choice_onset	interval_onset	outcome_onset	ITI_onset	button_pressed	side_chosen	trial_outcome	total	reaction_time	win_out	loss_out
1	1	1	1	0	A	D	3	15	6198	7232	9248	7	1	0	1	6182	0	
1	2	2	1	1	H	C	10267	10281	13738	14764	16781	8	0	0	1	3456		0
1	3	2	1	0	C	H	17798	17814	18220	19250	21264	8	0	-1	0.8	406		1
1	4	1	0	1	D	A	22281	22296	23366	24395	26413	8	0	1	1	1069	0	
1	5	1	1	1	D	A	27432	27446	29318	30348	32363	7	1	1	1.2	1871	1	
1	6	2	1	0	C	H	33399	33412	34478	35510	37529	8	0	-1	1	1065		1
1	7	2	1	1	H	C	38547	38562	39217	40244	42262	8	0	0	1	654		0
1	8	1	1	0	A	D	43280	43295	45193	46229	48245	7	1	0	1	1897	0	
1	9	2	0	1	H	C	49262	49278	50388	51409	53427	8	0	-1	0.8	1110		0
1	10	1	1	1	D	A	54445	54461	56700	57725	59744	8	0	0	0.8	2239	0	
1	11	2	1	0	C	H	60762	60777	62015	63043	65060	7	1	0	0.8	1238		0
1	12	1	0	0	A	D	66078	66093	67206	68241	70259	7	1	1	1	1112	0	
1	13	1	1	1	D	A	71277	71292	72038	73058	75076	8	0	0	1	745	0	
1	14	2	0	0	C	H	76093	76109	78688	79723	81742	7	1	-1	0.8	2579		0
1	15	2	1	1	H	C	82760	82775	84158	85190	87208	8	0	0	0.8	1382		0
1	16	1	1	0	A	D	88226	88241	89997	91022	93041	8	0	1	1	1755	1	
1	17	2	0	1	H	C	94059	94074	95643	96671	98690	8	0	-1	0.8	1568		0
1	18	1	1	1	D	A	99708	99723	100711	101738	103757	8	0	0	0.8	987	0	
1	19	2	1	0	C	H	104774	104790	106871	107906	109923	7	1	0	0.8	2081		0
1	20	1	1	1	D	A	110941	110956	112442	113472	115489	8	0	0	0.8	1486	0	
1	21	2	1	0	C	H	116507	116522	116842	117872	119889	7	1	0	0.8	319		0
1	22	1	1	0	A	D	120906	120922	121415	122437	124455	8	0	1	1	493	1	
1	23	2	0	1	H	C	125473	125488	126040	127071	129088	7	1	0	1	552		1
1	24	2	1	1	H	C	130107	130121	130421	131454	133471	8	0	0	1	300		0
1	25	1	0	0	A	D	134488	134504	134785	135819	137837	7	1	1	1.2	281	0	
1	26	1	1	1	D	A	138855	138870	139176	140202	142220	8	0	0	1.2	305	0	
1	27	2	1	0	C	H	143238	143253	143541	144570	146586	7	1	0	1.2	287		0
1	28	1	1	0	A	D	147604	147619	147866	148902	150919	8	0	1	1.4	246	1	
1	29	2	1	1	H	C	151937	151952	152251	153285	155302	7	1	-1	1.2	298		1
1	30	1	0	1	D	A	156320	156335	156672	157701	159718	8	0	1	1.4	336	0	
1	31	2	1	0	C	H	160736	160752	160967	162001	164018	7	1	0	1.4	215		0
1	32	2	0	0	C	H	165037	165051	165436	166468	168484	8	0	0	1.4	384		1
1	33	1	1	1	D	A	169502	169517	169830	170867	172884	7	1	1	1.6	312	1	
1	34	1	0	0	A	D	173902	173917	174261	175282	177300	8	0	0	1.6	343	1	
1	35	2	1	1	H	C	178318	178333	178628	179649	181667	7	1	-1	1.4	294		1
1	36	1	1	1	D	A	182684	182700	182938	183965	185983	8	0	0	1.4	238	0	
1	37	2	0	0	C	H	187001	187016	187316	188348	190366	7	1	-1	1.2	300		0
1	38	1	1	0	A	D	191384	191399	191700	192731	194749	8	0	1	1.4	300	1	
1	39	2	1	1	H	C	195767	195782	196106	197131	199148	7	1	-1	1.2	323		1
1	40	1	1	0	A	D	200166	200181	200493	201514	203531	8	0	1	1.4	311	1	
1	41	1	0	1	D	A	204549	204564	204813	205847	207864	7	1	0	1.4	248	1	
1	42	2	1	0	C	H	208882	208897	209169	210196	212214	8	0	-1	1.2	271		1
1	43	1	1	0	A	D	213232	213247	213740	214763	216780	7	1	0	1.2	492	0	
1	44	2	0	1	H	C	217798	217813	218096	219128	221147	8	0	-1	1	282		0
1	45	2	1	1	H	C	222166	222180	222445	223478	225496	7	1	-1	0.8	265		1
1	46	1	1	0	A	D	226514	226529	226795	227827	229846	8	0	1	1	265	1	
1	47	2	1	0	C	H	230864	230879	231108	232145	234162	7	1	0	1	228		0
1	48	2	1	1	H	C	235180	235195	235585	236612	238628	8	0	0	1	389		0
1	49	1	0	1	D	A	239646	239661	239946	240978	242995	7	1	0	1	284	1	
1	50	1	1	0	A	D	244013	244028	244380	245409	247428	8	0	1	1.2	352	1	
1	51	2	1	0	C	H	248445	248461	248917	249943	251961	7	1	0	1.2	456		0
1	52	2	0	1	H	C	252978	252994	253309	254342	256360	8	0	-1	1	315		0
1	53	1	1	1	D	A	257378	257393	257731	258758	260777	7	1	1	1.2	337	1	
1	54	1	1	1	D	A	261796	261810	262142	263175	265193	8	0	0	1.2	332	0	
1	55	2	1	0	C	H	266211	266226	266675	267709	269726	7	1	0	1.2	448		0
1	56	1	1	0	A	D	270744	270759	271324	272358	274375	8	0	1	1.4	565	1	
1	57	1	0	1	D	A	275393	275408	276093	277124	279142	7	1	0	1.4	684	1	
1	58	2	0	0	C	H	280160	280175	280470	281491	283508	8	0	0	1.4	295		1
1	59	2	1	1	H	C	284526	284541	284830	285856	287874	7	1	-1	1.2	288		1
1	60	1	0	0	A	D	288892	288907	289252	290273	292290	8	0	0	1.2	344	1	
2	1	2	1	0	N	P	298708	298723	299516	300539	302556	7	1	0	1	792		0
2	2	1	1	1	X	K	303575	303589	303845	304872	306889	7	1	1	1.2	255	1	
2	3	1	1	0	K	X	307907	307922	308275	309304	311322	7	1	0	1.2	352	0	
2	4	2	0	1	P	N	312340	312355	312665	313688	315705	7	1	0	1.2	309		1
2	5	2	1	1	P	N	316725	316738	317011	318036	320055	7	1	-1	1	272		1
2	6	1	1	0	K	X	321073	321088	321345	322370	324388	7	1	0	1	257	0	
2	7	1	1	1	X	K	325405	325421	325635	326669	328687	7	1	1	1.2	214	1	
2	8	2	1	0	N	P	329705	329720	329992	331019	333037	7	1	0	1.2	271		0
2	9	1	0	1	X	K	334055	334070	334293	335322	337337	7	1	0	1.2	222	1	
2	10	2	1	1	P	N	338354	338370	338597	339618	341636	7	1	-1	1	227		1
2	11	1	1	0	K	X	342654	342669	342923	343952	345969	7	1	0	1	253	0	
2	12	2	0	0	N	P	346987	347002	347320	348350	350369	7	1	-1	0.8	317		0
2	13	2	1	1	P	N	351387	351402	351534	352568	354585	7	1	-1	0.6	131		1
2	14	1	0	0	K	X	355603	355618	355871	356901	358918	7	1	1	0.8	252	0	
2	15	1	1	1	X	K	359936	359951	360203	361234	363251	7	1	1	1	251	1	
2	16	2	1	0	N	P	364269	364284	364530	365566	367584	7	1	0	1	245		0
2	17	1	0	1	X	K	368602	368617	368834	369867	371884	7	1	0	1	216	1	
2	18	2	1	1	P	N	372901	372917	373162	374181	376200	7	1	-1	0.8	245		1
2	19	1	1	0	K	X	377218	377233	377568	378598	380616	8	0	1	1	334	1	
2	20	2	1	1	P	N	381634	381649	381956	382981	384999	8	0	0	1	306		0
2	21	1	1	0	K	X	386017	386032	386378	387414	389432	8	0	1	1.2	345	1	
2	22	2	1	0	N	P	390450	390465	390684	391713	393732	8	0	-1	1	218		1
2	23	1	0	1	X	K	394750	394765	395314	396346	398365	8	0	1	1.2	549	0	
2	24	1	1	1	X	K	399384	399398	399784	400816	402831	8	0	0	1.2	386	0	
2	25	2	0	0	N	P	403849	403864	404211	405246	407264	7	1	-1	1	346		0
2	26	2	1	1	P	N	408282	408297	408688	409713	411730	7	1	-1	0.8	390		1
2	27	1	1	0	K	X	412748	412763	413011	414046	416063	7	1	0	0.8	247	0	
2	28	2	1	0	N	P	417081	417096	417482	418513	420530	7	1	0	0.8	385		0
2	29	1	1	1	X	K	421547	421563	421818	422844	424863	7	1	1	1	255	1	
2	30	2	0	1	P	N	425880	425896	426140	427161	429179	7	1	0	1	244		1
2	31	1	1	0	K	X	430197	430212	430524	431545	433562	7	1	0	1	312	0	
2	32	1	0	0	K	X	434581	434595	434888	435912	437928	8	0	0	1	292	1	
2	33	2	1	1	P	N	438946	438961	439201	440229	442244	8	0	0	1	239		0
2	34	2	0	0	N	P	443262	443277	443615	444644	446661	8	0	0	1	337		1
2	35	1	1	1	X	K	447679	447694	448655	449675	451694	7	1	1	1.2	961	1	
2	36	2	1	1	P	N	452711	452727	452999	454024	456043	7	1	-1	1	272		1
2	37	1	0	0	K	X	457061	457076	457399	458425	460443	8	0	0	1	322	1	
2	38	2	1	0	N	P	461461	461476	461827	462857	464876	8	0	-1	0.8	351		1
2	39	1	1	1	X	K	465894	465909	466180	467208	469225	8	0	0	0.8	271	0	
2	40	2	1	0	N	P	470243	470258	470480	471507	473525	8	0	-1	0.6	221		1
2	41	2	0	1	P	N	474543	474558	475118	476141	478158	8	0	-1	0.4	559		0
2	42	1	1	0	K	X	479176	479191	480425	481456	483474	7	1	0	0.4	1233	0	
2	43	2	1	0	N	P	484492	484507	485299	486323	488340	7	1	0	0.4	791		0
2	44	1	0	1	X	K	489358	489374	490140	491172	493190	8	0	1	0.6	766	0	
2	45	1	1	1	X	K	494209	494223	494491	495522	497540	8	0	0	0.6	267	0	
2	46	2	1	0	N	P	498558	498573	498847	499872	501889	8	0	-1	0.4	274		1
2	47	1	1	0	K	X	502907	502922	503348	504371	506389	7	1	0	0.4	425	0	
2	48	1	1	1	X	K	507407	507422	507848	508871	510889	7	1	1	0.6	426	1	
2	49	2	0	1	P	N	511906	511922	512780	513804	515821	8	0	-1	0.4	858		0
2	50	2	1	0	N	P	516839	516855	517859	518888	520904	8	0	-1	0.2	1004		1
2	51	1	1	0	K	X	521922	521937	523920	524955	526971	8	0	1	0.4	1982	1	
2	52	1	0	1	X	K	527988	528004	529482	530503	532520	7	1	0	0.4	1478	1	
2	53	2	1	1	P	N	533538	533553	534489	535518	537536	7	1	-1	0.2	936		1
2	54	2	1	1	P	N	538556	538569	539598	540635	542653	8	0	0	0.2	1028		0
2	55	1	1	0	K	X	543670	543686	544760	545785	547802	7	1	0	0.2	1074	0	
2	56	2	1	0	N	P	548820	548835	550157	551187	553202	7	1	0	0.2	1321		0
2	57	2	0	1	P	N	554219	554235	555106	556136	558151	8	0	-1	5.55111512312578e-17	871		0
2	58	1	0	0	K	X	559169	559184	560193	561216	563234	7	1	1	0.2	1008	0	
2	59	1	1	1	X	K	564252	564267	564511	565533	567550	7	1	1	0.4	243	1	
2	60	2	0	0	N	P	568568	568583	568744	569766	571783	7	1	-1	0.2	159		0
3	1	1	1	0	E	G	575869	575883	578176	579197	581216	7	1	0	1	2293	0	
3	2	2	1	1	I	F	582235	582249	582979	584014	586032	7	1	-1	0.8	730		1
3	3	2	1	0	F	I	587050	587065	587314	588347	590365	7	1	0	0.8	248		0
3	4	1	0	1	G	E	591383	591398	591636	592664	594681	7	1	0	0.8	237	1	
3	5	1	1	1	G	E	595701	595714	595995	597029	599048	7	1	1	1	280	1	
3	6	2	1	0	F	I	600066	600081	600303	601330	603347	7	1	0	1	222		0
3	7	2	1	1	I	F	604365	604380	604881	605911	607930	7	1	-1	0.8	500		1
3	8	1	1	0	E	G	608948	608963	609192	610229	612247	7	1	0	0.8	228	0	
3	9	2	0	1	I	F	613265	613280	613533	614563	616580	7	1	0	0.8	253		1
3	10	1	1	1	G	E	617597	617613	618147	619178	621196	7	1	1	1	534	1	
3	11	2	1	0	F	I	622214	622229	622639	623661	625679	7	1	0	1	410		0
3	12	1	0	0	E	G	626697	626712	627080	628110	630128	7	1	1	1.2	368	0	
3	13	1	1	1	G	E	631146	631161	631370	632395	634411	7	1	1	1.4	208	1	
3	14	2	0	0	F	I	635429	635444	635710	636743	638761	7	1	-1	1.2	265		0
3	15	2	1	1	I	F	639779	639794	640188	641209	643227	7	1	-1	1	394		1
3	16	1	1	0	E	G	644245	644260	644482	645509	647527	7	1	0	1	221	0	
3	17	2	0	1	I	F	648545	648560	648787	649810	651827	7	1	0	1	227		1
3	18	1	1	1	G	E	652845	652860	653158	654191	656210	7	1	1	1.2	298	1	
3	19	2	1	0	F	I	657227	657243	657477	658509	660526	7	1	0	1.2	233		0
3	20	1	1	1	G	E	661544	661559	661993	663025	665042	7	1	1	1.4	434	1	
3	21	2	1	0	F	I	666060	666075	666467	667491	669508	7	1	0	1.4	391		0
3	22	1	1	0	E	G	670526	670541	670916	671943	673958	7	1	0	1.4	374	0	
3	23	2	0	1	I	F	674976	674991	675336	676357	678374	7	1	0	1.4	345		1
3	24	2	1	1	I	F	679394	679407	679734	680756	682774	7	1	-1	1.2	326		1
3	25	1	0	0	E	G	683792	683807	684149	685173	687190	7	1	1	1.4	342	0	
3	26	1	1	1	G	E	688208	688223	688563	689590	691607	7	1	1	1.6	339	1	
3	27	2	1	0	F	I	692624	692640	693064	694089	696106	7	1	0	1.6	424		0
3	28	1	1	0	E	G	697124	697139	697621	698655	700672	7	1	0	1.6	481	0	
3	29	2	1	1	I	F	701690	701705	702082	703104	705122	7	1	-1	1.4	376		1
3	30	1	0	1	G	E	706140	706155	706515	707537	709555	7	1	0	1.4	360	1	
3	31	2	1	0	F	I	710573	710588	710902	711938	713955	7	1	0	1.4	314		0
3	32	2	0	0	F	I	714974	714988	715268	716303	718321	7	1	-1	1.2	280		0
3	33	1	1	1	G	E	719339	719354	719608	720636	722654	7	1	1	1.4	254	1	
3	34	1	0	0	E	G	723672	723687	724108	725137	727154	7	1	1	1.6	421	0	
3	35	2	1	1	I	F	728171	728187	728499	729535	731553	7	1	-1	1.4	312		1
3	36	1	1	1	G	E	732571	732586	732836	733870	735886	7	1	1	1.6	250	1	
3	37	2	0	0	F	I	736904	736919	737151	738184	740202	7	1	-1	1.4	231		0
3	38	1	1	0	E	G	741220	741235	741550	742584	744602	7	1	0	1.4	314	0	
3	39	2	1	1	I	F	745620	745635	745834	746867	748885	7	1	-1	1.2	199		1
3	40	1	1	0	E	G	749903	749918	750202	751234	753251	7	1	0	1.2	284	0	
3	41	1	0	1	G	E	754269	754284	754492	755517	757534	7	1	0	1.2	206	1	
3	42	2	1	0	F	I	758552	758567	758847	759884	761901	7	1	0	1.2	279		0
3	43	1	1	0	E	G	762918	762934	763239	764267	766283	7	1	0	1.2	305	0	
3	44	2	0	1	I	F	767301	767317	767644	768666	770683	7	1	0	1.2	327		1
3	45	2	1	1	I	F	771702	771716	772026	773048	775066	7	1	-1	1	310		1
3	46	1	1	0	E	G	776084	776099	776574	777598	779616	7	1	0	1	475	0	
3	47	2	1	0	F	I	780634	780649	780895	781932	783949	7	1	0	1	246		0
3	48	2	1	1	I	F	784967	784982	785304	786329	788348	7	1	-1	0.8	321		1
3	49	1	0	1	G	E	789366	789381	789629	790664	792681	7	1	0	0.8	246	1	
3	50	1	1	0	E	G	793699	793714	794011	795048	797064	7	1	0	0.8	296	0	
3	51	2	1	0	F	I	798082	798097	798385	799414	801430	7	1	0	0.8	287		0
3	52	2	0	1	I	F	802448	802464	802799	803831	805847	7	1	0	0.8	335		1
3	53	1	1	1	G	E	806865	806880	807152	808178	810196	7	1	1	1	272	1	
3	54	1	1	1	G	E	811216	811229	811460	812495	814513	7	1	1	1.2	230	1	
3	55	2	1	0	F	I	815530	815546	815894	816928	818946	7	1	0	1.2	348		0
3	56	1	1	0	E	G	819964	819979	820323	821345	823362	7	1	0	1.2	344	0	
3	57	1	0	1	G	E	824380	824395	824922	825945	827962	7	1	0	1.2	527	1	
3	58	2	0	0	F	I	828979	828995	829310	830342	832361	7	1	-1	1	315		0
3	59	2	1	1	I	F	833379	833394	833725	834759	836777	7	1	-1	0.8	330		1
3	60	1	0	0	E	G	837795	837811	838155	839175	841194	7	1	1	1	344	0	
Total money won 2.4
