Participant P031visit number -1
Stimuli number 1
Scanner Trigger at time 30000
run_number	trial_number	trial_type	outcome_type	side_type	left_stim	right_stim	stim_onset	choice_onset	interval_onset	outcome_onset	ITI_onset	button_pressed	side_chosen	trial_outcome	total	reaction_time	win_out	loss_out
1	1	1	1	0	A	D	6	14	5854	6880	8896	7	1	0	1	5840	0	
1	2	2	1	1	C	H	9915	9929	12294	13333	15346	7	1	-1	0.8	2364		1
1	3	2	1	0	H	C	16364	16379	18741	19778	21795	7	1	0	0.8	2362		0
1	4	1	0	1	D	A	22813	22828	24139	25160	27178	8	0	1	1	1310	0	
1	5	1	1	1	D	A	28198	28211	29526	30560	32578	8	0	0	1	1314	0	
1	6	2	1	0	H	C	33597	33611	34740	35777	37794	7	1	0	1	1129		0
1	7	2	1	1	C	H	38812	38827	39863	40893	42910	8	0	0	1	1036		0
1	8	1	1	0	A	D	43928	43943	45067	46093	48110	7	1	0	1	1123	0	
1	9	2	0	1	C	H	49128	49143	49963	50991	53009	8	0	-1	0.8	820		0
1	10	1	1	1	D	A	54027	54042	55320	56342	58359	8	0	0	0.8	1277	0	
1	11	2	1	0	H	C	59377	59392	61323	62358	64375	7	1	0	0.8	1930		0
1	12	1	0	0	A	D	65393	65408	66492	67524	69541	7	1	1	1	1084	0	
1	13	1	1	1	D	A	70559	70574	72017	73040	75057	7	1	1	1.2	1442	1	
1	14	2	0	0	H	C	76075	76091	77214	78238	80257	7	1	-1	1	1123		0
1	15	2	1	1	C	H	81275	81290	82525	83555	85573	8	0	0	1	1235		0
1	16	1	1	0	A	D	86591	86606	87483	88504	90523	8	0	1	1.2	876	1	
1	17	2	0	1	C	H	91541	91556	92987	94020	96039	8	0	-1	1	1431		0
1	18	1	1	1	D	A	97057	97072	98022	99053	101072	7	1	1	1.2	950	1	
1	19	2	1	0	H	C	102090	102105	104071	105103	107121	8	0	-1	1	1966		1
1	20	1	1	1	D	A	108139	108154	109245	110269	112288	7	1	1	1.2	1090	1	
1	21	2	1	0	H	C	113305	113321	114533	115570	117587	7	1	0	1.2	1212		0
1	22	1	1	0	A	D	118605	118620	119541	120569	122587	8	0	1	1.4	920	1	
1	23	2	0	1	C	H	123605	123620	125512	126535	128553	7	1	0	1.4	1892		1
1	24	2	1	1	C	H	129572	129586	133284	134318	136336	7	1	-1	1.2	3697		1
1	25	1	0	0	A	D	137353	137369	138085	139118	141135	8	0	0	1.2	715	1	
1	26	1	1	1	D	A	142153	142168	143217	144250	146268	7	1	1	1.4	1048	1	
1	27	2	1	0	H	C	147286	147301	149934	150966	152984	7	1	0	1.4	2632		0
1	28	1	1	0	A	D	154002	154017	154900	155933	157950	8	0	1	1.6	882	1	
1	29	2	1	1	C	H	158968	158983	161142	162165	164183	8	0	0	1.6	2158		0
1	30	1	0	1	D	A	165201	165216	165757	166782	168799	7	1	0	1.6	540	1	
1	31	2	1	0	H	C	169817	169833	171775	172799	174816	7	1	0	1.6	1941		0
1	32	2	0	0	H	C	175836	175849	178165	179200	181215	7	1	-1	1.4	2316		0
1	33	1	1	1	D	A	182233	182248	182853	183881	185898	7	1	1	1.6	605	1	
1	34	1	0	0	A	D	186916	186931	187926	188947	190964	8	0	0	1.6	995	1	
1	35	2	1	1	C	H	191982	191997	194867	195897	197914	8	0	0	1.6	2868		0
1	36	1	1	1	D	A	198931	198947	199802	200830	202847	7	1	1	1.8	855	1	
1	37	2	0	0	H	C	203865	203880	206092	207129	209146	8	0	0	1.8	2211		1
1	38	1	1	0	A	D	210164	210179	210946	211977	213996	8	0	1	2	767	1	
1	39	2	1	1	C	H	215013	215029	217552	218576	220595	7	1	-1	1.8	2522		1
1	40	1	1	0	A	D	221613	221628	222352	223378	225395	8	0	1	2	723	1	
1	41	1	0	1	D	A	226412	226428	227039	228060	230078	7	1	0	2	611	1	
1	42	2	1	0	H	C	231095	231111	232912	233943	235960	7	1	0	2	1800		0
1	43	1	1	0	A	D	236978	236993	237698	238725	240743	8	0	1	2.2	703	1	
1	44	2	0	1	C	H	241761	241776	243476	244508	246526	7	1	0	2.2	1698		1
1	45	2	1	1	C	H	247545	247559	248697	249723	251742	7	1	-1	2	1137		1
1	46	1	1	0	A	D	252760	252775	254282	255307	257325	8	0	1	2.2	1505	1	
1	47	2	1	0	H	C	258343	258358	265568	266589	268608	8	0	-1	2	7208		1
1	48	2	1	1	C	H	269626	269641	271458	272489	274507	8	0	0	2	1817		0
1	49	1	0	1	D	A	275525	275540	276276	277306	279323	7	1	0	2	735	1	
1	50	1	1	0	A	D	280341	280356	281003	282038	284056	8	0	1	2.2	646	1	
1	51	2	1	0	H	C	285074	285089	288663	289688	291706	7	1	0	2.2	3573		0
1	52	2	0	1	C	H	292724	292739	294322	295353	297372	8	0	-1	2	1583		0
1	53	1	1	1	D	A	298390	298405	298964	299987	302005	7	1	1	2.2	559	1	
1	54	1	1	1	D	A	303025	303038	303502	304538	306554	7	1	1	2.4	464	1	
1	55	2	1	0	H	C	307572	307587	308924	309953	311971	7	1	0	2.4	1336		0
1	56	1	1	0	A	D	312989	313004	313866	314886	316904	8	0	1	2.6	861	1	
1	57	1	0	1	D	A	317940	317953	318466	319504	321520	7	1	0	2.6	512	1	
1	58	2	0	0	H	C	322538	322553	325404	326435	328453	7	1	-1	2.4	2850		0
1	59	2	1	1	C	H	329470	329486	330828	331854	333869	8	0	0	2.4	1342		0
1	60	1	0	0	A	D	334887	334902	336600	337635	339652	8	0	0	2.4	1697	1	
2	1	1	1	0	K	X	342905	342918	346084	347116	349134	7	1	0	1	3165	0	
2	2	2	1	1	N	P	350153	350167	351662	352681	354700	7	1	-1	0.8	1494		1
2	3	2	1	0	P	N	355718	355733	358063	359099	361116	8	0	-1	0.6	2328		1
2	4	1	0	1	X	K	362134	362150	363521	364548	366566	7	1	0	0.6	1370	1	
2	5	1	1	1	X	K	367585	367599	368932	369965	371982	7	1	1	0.8	1332	1	
2	6	2	1	0	P	N	373000	373015	373960	374981	376998	7	1	0	0.8	944		0
2	7	2	1	1	N	P	378016	378031	378761	379798	381815	8	0	0	0.8	728		0
2	8	1	1	0	K	X	382832	382848	385770	386797	388814	7	1	0	0.8	2921	0	
2	9	2	0	1	N	P	389832	389847	390539	391563	393580	8	0	-1	0.6	691		0
2	10	1	1	1	X	K	394598	394613	396723	397746	399763	8	0	0	0.6	2108	0	
2	11	2	1	0	P	N	400781	400796	402061	403098	405113	7	1	0	0.6	1264		0
2	12	1	0	0	K	X	406131	406146	408923	409945	411962	8	0	0	0.6	2776	1	
2	13	1	1	1	X	K	412980	412995	414417	415444	417462	7	1	1	0.8	1421	1	
2	14	2	0	0	P	N	418479	418495	419478	420510	422528	7	1	-1	0.6	983		0
2	15	2	1	1	N	P	423546	423561	424406	425426	427444	8	0	0	0.6	845		0
2	16	1	1	0	K	X	428462	428477	429189	430209	432227	8	0	1	0.8	711	1	
2	17	2	0	1	N	P	433245	433260	435975	437008	439026	8	0	-1	0.6	2714		0
2	18	1	1	1	X	K	440044	440060	441313	442342	444359	7	1	1	0.8	1252	1	
2	19	2	1	0	P	N	445377	445392	447032	448058	450076	8	0	-1	0.6	1638		1
2	20	1	1	1	X	K	451093	451109	453545	454574	456592	7	1	1	0.8	2435	1	
2	21	2	1	0	P	N	457610	457625	461114	462140	464158	8	0	-1	0.6	3489		1
2	22	1	1	0	K	X	465175	465191	466994	468023	470041	8	0	1	0.8	1802	1	
2	23	2	0	1	N	P	471058	471074	474466	475489	477507	8	0	-1	0.6	3391		0
2	24	2	1	1	N	P	478526	478540	480326	481356	483373	7	1	-1	0.4	1785		1
2	25	1	0	0	K	X	484391	484406	485542	486571	488589	8	0	0	0.4	1136	1	
2	26	1	1	1	X	K	489607	489622	490723	491754	493772	7	1	1	0.6	1101	1	
2	27	2	1	0	P	N	494790	494805	497042	498070	500088	8	0	-1	0.4	2236		1
2	28	1	1	0	K	X	501106	501121	502026	503053	505071	8	0	1	0.6	905	1	
2	29	2	1	1	N	P	506089	506104	511645	512669	514687	8	0	0	0.6	5540		0
2	30	1	0	1	X	K	515705	515720	516677	517705	519720	7	1	0	0.6	956	1	
2	31	2	1	0	P	N	520738	520753	525459	526485	528502	7	1	0	0.6	4705		0
2	32	2	0	0	P	N	529522	529535	530644	531667	533685	7	1	-1	0.4	1108		0
2	33	1	1	1	X	K	534703	534718	535625	536652	538668	7	1	1	0.6	906	1	
2	34	1	0	0	K	X	539686	539701	540710	541733	543751	8	0	0	0.6	1008	1	
2	35	2	1	1	N	P	544769	544784	546209	547234	549250	8	0	0	0.6	1424		0
2	36	1	1	1	X	K	550268	550283	551151	552184	554200	7	1	1	0.8	866	1	
2	37	2	0	0	P	N	555218	555233	556848	557882	559900	7	1	-1	0.6	1614		0
2	38	1	1	0	K	X	560917	560933	561866	562898	564916	8	0	1	0.8	933	1	
2	39	2	1	1	N	P	565934	565949	566691	567715	569732	8	0	0	0.8	741		0
2	40	1	1	0	K	X	570750	570765	571527	572563	574582	8	0	1	1	762	1	
2	41	1	0	1	X	K	575599	575615	576835	577863	579881	7	1	0	1	1219	1	
2	42	2	1	0	P	N	580899	580914	581996	583030	585047	7	1	0	1	1082		0
2	43	1	1	0	K	X	586065	586080	587043	588062	590080	8	0	1	1.2	962	1	
2	44	2	0	1	N	P	591098	591113	591896	592928	594947	8	0	-1	1	782		0
2	45	2	1	1	N	P	595966	595980	597213	598245	600263	8	0	0	1	1232		0
2	46	1	1	0	K	X	601281	601296	602081	603110	605129	8	0	1	1.2	784	1	
2	47	2	1	0	P	N	606147	606162	606908	607928	609945	7	1	0	1.2	745		0
2	48	2	1	1	N	P	610963	610978	612108	613145	615161	8	0	0	1.2	1129		0
2	49	1	0	1	X	K	616179	616195	617388	618411	620428	7	1	0	1.2	1192	1	
2	50	1	1	0	K	X	621445	621461	622274	623310	625327	8	0	1	1.4	812	1	
2	51	2	1	0	P	N	626345	626360	627085	628110	630127	7	1	0	1.4	724		0
2	52	2	0	1	N	P	631145	631160	632279	633309	635326	8	0	-1	1.2	1118		0
2	53	1	1	1	X	K	636344	636360	637136	638159	640176	7	1	1	1.4	775	1	
2	54	1	1	1	X	K	641196	641209	642126	643159	645176	7	1	1	1.6	916	1	
2	55	2	1	0	P	N	646193	646209	647258	648291	650309	7	1	0	1.6	1048		0
2	56	1	1	0	K	X	651326	651342	652144	653174	655191	8	0	1	1.8	802	1	
2	57	1	0	1	X	K	656209	656224	656984	658006	660024	7	1	0	1.8	759	1	
2	58	2	0	0	P	N	661042	661057	661737	662773	664791	7	1	-1	1.6	679		0
2	59	2	1	1	N	P	665808	665824	666455	667490	669507	7	1	-1	1.4	630		1
2	60	1	0	0	K	X	670525	670540	671277	672305	674323	8	0	0	1.4	736	1	
3	1	2	1	0	I	F	677057	677073	678849	679871	681889	7	1	0	1	1775		0
3	2	1	1	1	G	E	682908	682922	685873	686906	688922	8	0	0	1	2950	0	
3	3	1	1	0	E	G	689940	689955	691815	692837	694855	7	1	0	1	1859	0	
3	4	2	0	1	F	I	695872	695888	697637	698670	700688	8	0	-1	0.8	1748		0
3	5	2	1	1	F	I	701707	701721	703310	704337	706354	7	1	-1	0.6	1588		1
3	6	1	1	0	E	G	707372	707387	708365	709386	711403	7	1	0	0.6	977	0	
3	7	1	1	1	G	E	712421	712436	713461	714485	716503	8	0	0	0.6	1024	0	
3	8	2	1	0	I	F	717521	717536	718854	719885	721902	7	1	0	0.6	1317		0
3	9	1	0	1	G	E	722920	722935	723846	724868	726885	8	0	1	0.8	910	0	
3	10	2	1	1	F	I	727903	727918	728960	729984	732002	8	0	0	0.8	1041		0
3	11	1	1	0	E	G	733020	733035	733950	734985	737001	7	1	0	0.8	914	0	
3	12	2	0	0	I	F	738019	738034	738855	739883	741901	7	1	-1	0.6	820		0
3	13	2	1	1	F	I	742918	742934	745027	746050	748067	8	0	0	0.6	2092		0
3	14	1	0	0	E	G	749085	749100	750411	751432	753450	7	1	1	0.8	1310	0	
3	15	1	1	1	G	E	754467	754483	755663	756698	758716	8	0	0	0.8	1179	0	
3	16	2	1	0	I	F	759734	759749	760277	761299	763316	7	1	0	0.8	527		0
3	17	1	0	1	G	E	764333	764349	765183	766213	768232	8	0	1	1	834	0	
3	18	2	1	1	F	I	769250	769265	769850	770880	772898	8	0	0	1	584		0
3	19	1	1	0	E	G	773916	773931	774914	775948	777964	7	1	0	1	982	0	
3	20	2	1	1	F	I	778982	778997	779609	780630	782647	8	0	0	1	611		0
3	21	1	1	0	E	G	783665	783680	784408	785430	787447	7	1	0	1	727	0	
3	22	2	1	0	I	F	788465	788480	789121	790146	792163	7	1	0	1	640		0
3	23	1	0	1	G	E	793181	793196	794635	795662	797679	7	1	0	1	1438	1	
3	24	1	1	1	G	E	798699	798712	800191	801211	803229	7	1	1	1.2	1478	1	
3	25	2	0	0	I	F	804247	804262	804962	805993	808012	7	1	-1	1	699		0
3	26	2	1	1	F	I	809029	809045	810286	811310	813328	8	0	0	1	1240		0
3	27	1	1	0	E	G	814346	814361	815613	816644	818661	7	1	0	1	1251	0	
3	28	2	1	0	I	F	819679	819694	820397	821427	823444	7	1	0	1	702		0
3	29	1	1	1	G	E	824461	824477	825527	826558	828577	7	1	1	1.2	1049	1	
3	30	2	0	1	F	I	829594	829610	830328	831358	833376	8	0	-1	1	717		0
3	31	1	1	0	E	G	834394	834409	836950	837974	839992	8	0	1	1.2	2540	1	
3	32	1	0	0	E	G	841012	841025	842904	843926	845942	8	0	0	1.2	1878	1	
3	33	2	1	1	F	I	846961	846975	848077	849108	851125	8	0	0	1.2	1101		0
3	34	2	0	0	I	F	852142	852158	852782	853806	855824	7	1	-1	1	623		0
3	35	1	1	1	G	E	856842	856857	859777	860805	862824	7	1	1	1.2	2919	1	
3	36	2	1	1	F	I	863842	863857	864570	865606	867623	8	0	0	1.2	712		0
3	37	1	0	0	E	G	868641	868656	869342	870373	872390	8	0	0	1.2	685	1	
3	38	2	1	0	I	F	873407	873423	873934	874955	876973	7	1	0	1.2	510		0
3	39	1	1	1	G	E	877990	878006	879454	880488	882505	7	1	1	1.4	1448	1	
3	40	2	1	0	I	F	883523	883538	884201	885237	887255	7	1	0	1.4	662		0
3	41	2	0	1	F	I	888273	888288	888888	889921	891938	7	1	0	1.4	599		1
3	42	1	1	0	E	G	892956	892971	893969	895004	897021	8	0	1	1.6	997	1	
3	43	2	1	0	I	F	898039	898054	898656	899686	901704	7	1	0	1.6	601		0
3	44	1	0	1	G	E	902722	902737	903822	904853	906870	7	1	0	1.6	1084	1	
3	45	1	1	1	G	E	907889	907903	909678	910702	912719	7	1	1	1.8	1774	1	
3	46	2	1	0	I	F	913737	913753	914428	915452	917469	7	1	0	1.8	675		0
3	47	1	1	0	E	G	918487	918502	919858	920886	922902	8	0	1	2	1355	1	
3	48	1	1	1	G	E	923920	923935	924975	926001	928018	7	1	1	2.2	1039	1	
3	49	2	0	1	F	I	929036	929051	930086	931118	933134	8	0	-1	2	1034		0
3	50	2	1	0	I	F	934152	934167	934981	936016	938034	7	1	0	2	813		0
3	51	1	1	0	E	G	939052	939067	940270	941299	943317	8	0	1	2.2	1202	1	
3	52	1	0	1	G	E	944335	944350	945186	946217	948233	7	1	0	2.2	835	1	
3	53	2	1	1	F	I	949251	949266	950443	951466	953483	8	0	0	2.2	1176		0
3	54	2	1	1	F	I	954502	954516	955098	956132	958149	8	0	0	2.2	581		0
3	55	1	1	0	E	G	959167	959182	960082	961114	963132	8	0	1	2.4	899	1	
3	56	2	1	0	I	F	964150	964165	964745	965781	967798	7	1	0	2.4	579		0
3	57	2	0	1	F	I	968816	968831	969759	970780	972798	8	0	-1	2.2	927		0
3	58	1	0	0	E	G	973816	973831	974942	975963	977981	8	0	0	2.2	1111	1	
3	59	1	1	1	G	E	978998	979014	980767	981796	983813	7	1	1	2.4	1753	1	
3	60	2	0	0	I	F	984831	984847	985515	986545	988563	7	1	-1	2.2	668		0
Total money won 6
