Participant P035visit number -1
Stimuli number 1
Scanner Trigger at time 9000
run_number	trial_number	trial_type	outcome_type	side_type	left_stim	right_stim	stim_onset	choice_onset	interval_onset	outcome_onset	ITI_onset	button_pressed	side_chosen	trial_outcome	total	reaction_time	win_out	loss_out
1	1	2	1	0	C	H	5	15	2400	3432	5449	7	1	0	1	2383		0
1	2	1	1	1	D	A	6467	6482	7899	8933	10948	7	1	1	1.2	1416	1	
1	3	1	1	0	A	D	11966	11981	12981	14014	16031	7	1	0	1.2	999	0	
1	4	2	0	1	H	C	17049	17064	18163	19200	21214	8	0	-1	1	1099		0
1	5	2	1	1	H	C	22233	22247	23297	24329	26347	7	1	-1	0.8	1049		1
1	6	1	1	0	A	D	27366	27380	28326	29361	31380	8	0	1	1	945	1	
1	7	1	1	1	D	A	32397	32413	33502	34528	36546	7	1	1	1.2	1089	1	
1	8	2	1	0	C	H	37564	37579	38729	39760	41779	8	0	-1	1	1150		1
1	9	1	0	1	D	A	42797	42812	43693	44727	46745	7	1	0	1	880	1	
1	10	2	1	1	H	C	47763	47778	49347	50377	52394	8	0	0	1	1568		0
1	11	1	1	0	A	D	53412	53428	54356	55375	57394	8	0	1	1.2	927	1	
1	12	2	0	0	C	H	58412	58427	59857	60891	62910	7	1	-1	1	1429		0
1	13	2	1	1	H	C	63928	63943	64855	65875	67893	8	0	0	1	911		0
1	14	1	0	0	A	D	68911	68926	69546	70575	72593	8	0	0	1	619	1	
1	15	1	1	1	D	A	73611	73626	74462	75492	77509	7	1	1	1.2	835	1	
1	16	2	1	0	C	H	78527	78542	79576	80607	82625	7	1	0	1.2	1033		0
1	17	1	0	1	D	A	83643	83658	84226	85257	87275	7	1	0	1.2	567	1	
1	18	2	1	1	H	C	88293	88308	89899	90925	92941	8	0	0	1.2	1590		0
1	19	1	1	0	A	D	93959	93974	94890	95924	97941	8	0	1	1.4	915	1	
1	20	2	1	1	H	C	98958	98974	100025	101056	103073	8	0	0	1.4	1051		0
1	21	1	1	0	A	D	104091	104106	104884	105905	107923	8	0	1	1.6	776	1	
1	22	2	1	0	C	H	108941	108956	110137	111172	113189	7	1	0	1.6	1181		0
1	23	1	0	1	D	A	114207	114222	114648	115674	117689	7	1	0	1.6	426	1	
1	24	1	1	1	D	A	118708	118722	119394	120421	122438	7	1	1	1.8	671	1	
1	25	2	0	0	C	H	123456	123471	124865	125887	127905	8	0	0	1.8	1393		1
1	26	2	1	1	H	C	128923	128938	130158	131187	133204	7	1	-1	1.6	1220		1
1	27	1	1	0	A	D	134222	134237	135381	136403	138420	8	0	1	1.8	1144	1	
1	28	2	1	0	C	H	139438	139453	140223	141252	143270	7	1	0	1.8	769		0
1	29	1	1	1	D	A	144288	144303	145162	146184	148203	7	1	1	2	859	1	
1	30	2	0	1	H	C	149221	149236	149914	150935	152952	8	0	-1	1.8	678		0
1	31	1	1	0	A	D	153970	153985	154520	155550	157569	8	0	1	2	533	1	
1	32	1	0	0	A	D	158588	158602	159166	160200	162218	8	0	0	2	563	1	
1	33	2	1	1	H	C	163236	163251	163641	164668	166685	8	0	0	2	389		0
1	34	2	0	0	C	H	167702	167718	168199	169232	171251	7	1	-1	1.8	480		0
1	35	1	1	1	D	A	172269	172284	172811	173833	175850	7	1	1	2	526	1	
1	36	2	1	1	H	C	176868	176884	177453	178481	180500	7	1	-1	1.8	568		1
1	37	1	0	0	A	D	181518	181533	182246	183282	185300	8	0	0	1.8	712	1	
1	38	2	1	0	C	H	186317	186333	187034	188066	190083	7	1	0	1.8	701		0
1	39	1	1	1	D	A	191100	191116	191662	192697	194715	7	1	1	2	545	1	
1	40	2	1	0	C	H	195733	195749	196435	197464	199482	7	1	0	2	686		0
1	41	2	0	1	H	C	200500	200515	201085	202113	204131	8	0	-1	1.8	569		0
1	42	1	1	0	A	D	205149	205164	205775	206796	208814	8	0	1	2	610	1	
1	43	2	1	0	C	H	209832	209847	210494	211529	213547	7	1	0	2	646		0
1	44	1	0	1	D	A	214565	214580	215206	216230	218247	7	1	0	2	625	1	
1	45	1	1	1	D	A	219266	219280	220089	221111	223130	7	1	1	2.2	809	1	
1	46	2	1	0	C	H	224147	224163	224704	225728	227746	7	1	0	2.2	540		0
1	47	1	1	0	A	D	228764	228779	229564	230595	232612	8	0	1	2.4	784	1	
1	48	1	1	1	D	A	233636	233645	234221	235245	237262	7	1	1	2.6	575	1	
1	49	2	0	1	H	C	238280	238295	238924	239943	241961	8	0	-1	2.4	628		0
1	50	2	1	0	C	H	242980	242994	243451	244477	246494	7	1	0	2.4	456		0
1	51	1	1	0	A	D	247512	247527	248111	249143	251161	8	0	1	2.6	583	1	
1	52	1	0	1	D	A	252178	252194	252678	253709	255727	7	1	0	2.6	483	1	
1	53	2	1	1	H	C	256745	256760	257275	258310	260326	8	0	0	2.6	514		0
1	54	2	1	1	H	C	261346	261360	262071	263092	265109	8	0	0	2.6	711		0
1	55	1	1	0	A	D	266127	266142	266725	267758	269776	8	0	1	2.8	581	1	
1	56	2	1	0	C	H	270793	270809	271445	272474	274492	7	1	0	2.8	636		0
1	57	2	0	1	H	C	275510	275525	276011	277040	279058	8	0	-1	2.6	486		0
1	58	1	0	0	A	D	280076	280091	280657	281691	283708	8	0	0	2.6	565	1	
1	59	1	1	1	D	A	284726	284741	285490	286523	288541	7	1	1	2.8	749	1	
1	60	2	0	0	C	H	289559	289574	290209	291239	293257	7	1	-1	2.6	635		0
2	1	2	1	0	N	P	296194	296207	297357	298388	300406	7	1	0	1	1150		0
2	2	1	1	1	X	K	301425	301439	302058	303089	305106	8	0	0	1	618	0	
2	3	1	1	0	K	X	306124	306139	308088	309121	311139	7	1	0	1	1949	0	
2	4	2	0	1	P	N	312156	312172	314059	315088	317105	7	1	0	1	1887		1
2	5	2	1	1	P	N	318124	318138	319010	320037	322054	8	0	0	1	871		0
2	6	1	1	0	K	X	323072	323088	323898	324920	326937	7	1	0	1	810	0	
2	7	1	1	1	X	K	327955	327970	328784	329819	331837	7	1	1	1.2	813	1	
2	8	2	1	0	N	P	332855	332870	334780	335802	337820	7	1	0	1.2	1909		0
2	9	1	0	1	X	K	338838	338853	339401	340435	342453	7	1	0	1.2	548	1	
2	10	2	1	1	P	N	343471	343486	345179	346200	348219	7	1	-1	1	1692		1
2	11	1	1	0	K	X	349237	349252	350495	351517	353535	8	0	1	1.2	1243	1	
2	12	2	0	0	N	P	354553	354568	356650	357683	359701	8	0	0	1.2	2081		1
2	13	2	1	1	P	N	360719	360734	362999	364034	366051	8	0	0	1.2	2264		0
2	14	1	0	0	K	X	367068	367084	367941	368967	370984	8	0	0	1.2	857	1	
2	15	1	1	1	X	K	372001	372017	372714	373749	375767	7	1	1	1.4	697	1	
2	16	2	1	0	N	P	376784	376800	377795	378832	380849	7	1	0	1.4	995		0
2	17	1	0	1	X	K	381867	381882	382313	383349	385366	7	1	0	1.4	429	1	
2	18	2	1	1	P	N	386383	386399	387168	388199	390215	8	0	0	1.4	769		0
2	19	1	1	0	K	X	391233	391248	391983	393014	395032	8	0	1	1.6	734	1	
2	20	2	1	1	P	N	396049	396065	396780	397813	399831	8	0	0	1.6	715		0
2	21	1	1	0	K	X	400849	400864	401560	402596	404614	8	0	1	1.8	696	1	
2	22	2	1	0	N	P	405632	405647	406406	407429	409447	7	1	0	1.8	759		0
2	23	1	0	1	X	K	410465	410480	411181	412213	414230	7	1	0	1.8	701	1	
2	24	1	1	1	X	K	415249	415263	415861	416894	418913	7	1	1	2	598	1	
2	25	2	0	0	N	P	419931	419946	420682	421710	423729	7	1	-1	1.8	736		0
2	26	2	1	1	P	N	424747	424762	425403	426427	428445	8	0	0	1.8	641		0
2	27	1	1	0	K	X	429463	429478	430268	431293	433312	8	0	1	2	789	1	
2	28	2	1	0	N	P	434329	434345	434970	435993	438011	7	1	0	2	625		0
2	29	1	1	1	X	K	439029	439044	439691	440725	442744	7	1	1	2.2	647	1	
2	30	2	0	1	P	N	443762	443777	444628	445658	447677	8	0	-1	2	851		0
2	31	1	1	0	K	X	448695	448710	449461	450492	452510	8	0	1	2.2	751	1	
2	32	1	0	0	K	X	453529	453543	454406	455442	457459	8	0	0	2.2	863	1	
2	33	2	1	1	P	N	458477	458493	460196	461223	463242	7	1	-1	2	1703		1
2	34	2	0	0	N	P	464260	464275	465433	466457	468475	7	1	-1	1.8	1157		0
2	35	1	1	1	X	K	469493	469508	470196	471223	473241	7	1	1	2	687	1	
2	36	2	1	1	P	N	474259	474274	475364	476391	478408	8	0	0	2	1089		0
2	37	1	0	0	K	X	479426	479441	479982	481007	483024	8	0	0	2	541	1	
2	38	2	1	0	N	P	484042	484057	485110	486140	488157	7	1	0	2	1053		0
2	39	1	1	1	X	K	489175	489190	489913	490938	492956	7	1	1	2.2	723	1	
2	40	2	1	0	N	P	493975	493989	494764	495788	497806	7	1	0	2.2	774		0
2	41	2	0	1	P	N	498824	498839	499436	500470	502489	8	0	-1	2	597		0
2	42	1	1	0	K	X	503507	503522	504274	505303	507322	8	0	1	2.2	752	1	
2	43	2	1	0	N	P	508340	508355	509050	510070	512088	7	1	0	2.2	695		0
2	44	1	0	1	X	K	513106	513121	513843	514871	516888	7	1	0	2.2	721	1	
2	45	1	1	1	X	K	517906	517921	518552	519586	521604	7	1	1	2.4	630	1	
2	46	2	1	0	N	P	522622	522637	523537	524569	526587	7	1	0	2.4	900		0
2	47	1	1	0	K	X	527605	527620	528311	529335	531353	8	0	1	2.6	691	1	
2	48	1	1	1	X	K	532371	532386	532791	533819	535836	7	1	1	2.8	404	1	
2	49	2	0	1	P	N	536854	536869	537402	538434	540452	8	0	-1	2.6	533		0
2	50	2	1	0	N	P	541470	541485	542134	543167	545185	7	1	0	2.6	648		0
2	51	1	1	0	K	X	546203	546218	546899	547934	549951	8	0	1	2.8	680	1	
2	52	1	0	1	X	K	550969	550985	551700	552736	554751	7	1	0	2.8	715	1	
2	53	2	1	1	P	N	555769	555784	556670	557700	559717	8	0	0	2.8	885		0
2	54	2	1	1	P	N	560737	560750	561267	562300	564317	8	0	0	2.8	516		0
2	55	1	1	0	K	X	565335	565350	566031	567065	569083	8	0	1	3	681	1	
2	56	2	1	0	N	P	570101	570116	570675	571698	573716	7	1	0	3	558		0
2	57	2	0	1	P	N	574734	574749	575381	576414	578432	8	0	-1	2.8	631		0
2	58	1	0	0	K	X	579450	579465	579903	580931	582949	8	0	0	2.8	437	1	
2	59	1	1	1	X	K	583966	583982	584731	585763	587782	7	1	1	3	749	1	
2	60	2	0	0	N	P	588800	588815	589891	590913	592931	7	1	-1	2.8	1076		0
3	1	2	1	0	F	I	595999	596014	596908	597928	599947	7	1	0	1	894		0
3	2	1	1	1	G	E	600966	600980	602163	603195	605213	7	1	1	1.2	1182	1	
3	3	1	1	0	E	G	606231	606246	607311	608346	610363	8	0	1	1.4	1064	1	
3	4	2	0	1	I	F	611381	611396	612112	613145	615163	7	1	0	1.4	715		1
3	5	2	1	1	I	F	616182	616196	617636	618661	620679	7	1	-1	1.2	1440		1
3	6	1	1	0	E	G	621697	621712	622477	623512	625528	8	0	1	1.4	765	1	
3	7	1	1	1	G	E	626546	626561	627889	628911	630928	7	1	1	1.6	1327	1	
3	8	2	1	0	F	I	631946	631961	632550	633576	635594	7	1	0	1.6	589		0
3	9	1	0	1	G	E	636612	636627	637134	638160	640177	7	1	0	1.6	506	1	
3	10	2	1	1	I	F	641195	641210	642120	643143	645160	8	0	0	1.6	909		0
3	11	1	1	0	E	G	646178	646193	646926	647961	649976	8	0	1	1.8	733	1	
3	12	2	0	0	F	I	650994	651009	651579	652608	654626	7	1	-1	1.6	569		0
3	13	2	1	1	I	F	655643	655659	656154	657175	659192	7	1	-1	1.4	495		1
3	14	1	0	0	E	G	660210	660225	660947	661974	663992	8	0	0	1.4	721	1	
3	15	1	1	1	G	E	665009	665025	665652	666673	668691	7	1	1	1.6	627	1	
3	16	2	1	0	F	I	669709	669724	670325	671357	673374	7	1	0	1.6	600		0
3	17	1	0	1	G	E	674392	674407	675129	676157	678174	7	1	0	1.6	721	1	
3	18	2	1	1	I	F	679191	679207	679870	680906	682923	8	0	0	1.6	663		0
3	19	1	1	0	E	G	683941	683956	684723	685755	687773	8	0	1	1.8	766	1	
3	20	2	1	1	I	F	688791	688806	689342	690371	692389	8	0	0	1.8	536		0
3	21	1	1	0	E	G	693407	693422	694120	695154	697172	8	0	1	2	697	1	
3	22	2	1	0	F	I	698190	698205	698763	699787	701805	7	1	0	2	557		0
3	23	1	0	1	G	E	702823	702838	703333	704354	706371	7	1	0	2	494	1	
3	24	1	1	1	G	E	707391	707404	707915	708936	710954	7	1	1	2.2	510	1	
3	25	2	0	0	F	I	711972	711987	712443	713468	715487	7	1	-1	2	455		0
3	26	2	1	1	I	F	716505	716520	717035	718069	720087	8	0	0	2	514		0
3	27	1	1	0	E	G	721105	721120	721772	722801	724820	8	0	1	2.2	652	1	
3	28	2	1	0	F	I	725838	725853	726307	727335	729353	7	1	0	2.2	454		0
3	29	1	1	1	G	E	730370	730386	730813	731835	733852	7	1	1	2.4	427	1	
3	30	2	0	1	I	F	734870	734885	735418	736451	738469	8	0	-1	2.2	532		0
3	31	1	1	0	E	G	739486	739502	740046	741067	743085	8	0	1	2.4	544	1	
3	32	1	0	0	E	G	744104	744118	744914	745950	747968	8	0	0	2.4	796	1	
3	33	2	1	1	I	F	748986	749001	749709	750734	752751	8	0	0	2.4	708		0
3	34	2	0	0	F	I	753768	753784	754467	755499	757517	7	1	-1	2.2	683		0
3	35	1	1	1	G	E	758535	758550	759298	760332	762350	7	1	1	2.4	748	1	
3	36	2	1	1	I	F	763368	763383	763740	764765	766783	7	1	-1	2.2	357		1
3	37	1	0	0	E	G	767801	767816	768389	769415	771432	8	0	0	2.2	573	1	
3	38	2	1	0	F	I	772450	772465	772981	774016	776032	7	1	0	2.2	515		0
3	39	1	1	1	G	E	777050	777065	777611	778647	780665	7	1	1	2.4	545	1	
3	40	2	1	0	F	I	781683	781698	782578	783616	785631	7	1	0	2.4	880		0
3	41	2	0	1	I	F	786649	786664	787520	788546	790564	8	0	-1	2.2	855		0
3	42	1	1	0	E	G	791582	791597	792266	793296	795314	8	0	1	2.4	668	1	
3	43	2	1	0	F	I	796332	796347	796819	797846	799863	7	1	0	2.4	472		0
3	44	1	0	1	G	E	800881	800896	801394	802429	804446	7	1	0	2.4	497	1	
3	45	1	1	1	G	E	805465	805479	806040	807062	809079	7	1	1	2.6	560	1	
3	46	2	1	0	F	I	810097	810112	810994	812027	814045	7	1	0	2.6	881		0
3	47	1	1	0	E	G	815063	815078	815767	816794	818812	8	0	1	2.8	688	1	
3	48	1	1	1	G	E	819829	819845	820341	821377	823395	7	1	1	3	496	1	
3	49	2	0	1	I	F	824412	824428	825104	826125	828144	8	0	-1	2.8	676		0
3	50	2	1	0	F	I	829162	829177	829922	830942	832960	7	1	0	2.8	744		0
3	51	1	1	0	E	G	833978	833993	834891	835927	837943	8	0	1	3	897	1	
3	52	1	0	1	G	E	838961	838976	839620	840642	842660	7	1	0	3	643	1	
3	53	2	1	1	I	F	843677	843693	844283	845309	847326	8	0	0	3	590		0
3	54	2	1	1	I	F	848345	848359	848978	850008	852025	8	0	0	3	619		0
3	55	1	1	0	E	G	853043	853058	853729	854756	856775	8	0	1	3.2	670	1	
3	56	2	1	0	F	I	857793	857808	858318	859340	861358	7	1	0	3.2	509		0
3	57	2	0	1	I	F	862376	862391	862956	863989	866008	8	0	-1	3	564		0
3	58	1	0	0	E	G	867025	867041	867581	868606	870624	8	0	0	3	540	1	
3	59	1	1	1	G	E	871642	871657	872276	873305	875323	7	1	1	3.2	619	1	
3	60	2	0	0	F	I	876341	876356	877001	878021	880040	7	1	-1	3	644		0
Total money won 8.4
