Participant P048visit number -1
Stimuli number 1
Scanner Trigger at time 9000
run_number	trial_number	trial_type	outcome_type	side_type	left_stim	right_stim	stim_onset	choice_onset	interval_onset	outcome_onset	ITI_onset	button_pressed	side_chosen	trial_outcome	total	reaction_time	win_out	loss_out
1	1	1	1	0	D	A	3	15	2988	4017	6032	7	1	0	1	2970	0	
1	2	2	1	1	H	C	7051	7065	10793	11856	13864	7	1	-1	0.8	3727		1
1	3	2	1	0	C	H	14882	14898	16727	17764	19781	8	0	-1	0.6	1828		1
1	4	1	0	1	A	D	20798	20814	22360	23396	25413	8	0	1	0.8	1545	0	
1	5	1	1	1	A	D	26433	26447	27799	28829	30846	8	0	0	0.8	1351	0	
1	6	2	1	0	C	H	31866	31879	33261	34296	36313	7	1	0	0.8	1381		0
1	7	2	1	1	H	C	37330	37346	38588	39612	41629	8	0	0	0.8	1242		0
1	8	1	1	0	D	A	42647	42662	43452	44479	46495	7	1	0	0.8	789	0	
1	9	2	0	1	H	C	47513	47528	48400	49427	51445	8	0	-1	0.6	872		0
1	10	1	1	1	A	D	52462	52478	53254	54277	56294	8	0	0	0.6	775	0	
1	11	2	1	0	C	H	57312	57327	58361	59393	61410	7	1	0	0.6	1033		0
1	12	1	0	0	D	A	62428	62443	62920	63943	65960	7	1	1	0.8	476	0	
1	13	1	1	1	A	D	66978	66993	67724	68759	70776	8	0	0	0.8	730	0	
1	14	2	0	0	C	H	71794	71809	72431	73458	75476	7	1	-1	0.6	621		0
1	15	2	1	1	H	C	76494	76509	77161	78192	80209	7	1	-1	0.4	651		1
1	16	1	1	0	D	A	81227	81242	82028	83058	85075	7	1	0	0.4	785	0	
1	17	2	0	1	H	C	86093	86108	87614	88640	90658	8	0	-1	0.2	1505		0
1	18	1	1	1	A	D	91676	91691	92483	93506	95524	8	0	0	0.2	791	0	
1	19	2	1	0	C	H	96542	96557	107657	108690	110706	7	1	0	0.2	11099		0
1	20	1	1	1	A	D	111724	111739	112438	113472	115489	8	0	0	0.2	698	0	
1	21	2	1	0	C	H	116507	116522	118100	119122	121139	7	1	0	0.2	1577		0
1	22	1	1	0	D	A	122156	122172	122956	123988	126005	7	1	0	0.2	783	0	
1	23	2	0	1	H	C	127023	127038	130277	131303	133321	8	0	-1	5.55111512312578e-17	3238		0
1	24	2	1	1	H	C	134340	134354	136289	137320	139337	8	0	0	5.55111512312578e-17	1935		0
1	25	1	0	0	D	A	140355	140370	141037	142068	144087	7	1	1	0.2	666	0	
1	26	1	1	1	A	D	145104	145120	145909	146935	148953	8	0	0	0.2	788	0	
1	27	2	1	0	C	H	149971	149986	150913	151936	153952	7	1	0	0.2	926		0
1	28	1	1	0	D	A	154970	154985	155597	156618	158635	7	1	0	0.2	611	0	
1	29	2	1	1	H	C	159653	159668	160406	161435	163452	8	0	0	0.2	737		0
1	30	1	0	1	A	D	164469	164485	165261	166284	168301	8	0	1	0.4	775	0	
1	31	2	1	0	C	H	169319	169334	170364	171400	173417	7	1	0	0.4	1030		0
1	32	2	0	0	C	H	174437	174450	175225	176250	178267	8	0	0	0.4	774		1
1	33	1	1	1	A	D	179285	179300	181266	182299	184316	8	0	0	0.4	1965	0	
1	34	1	0	0	D	A	185334	185349	186147	187182	189199	7	1	1	0.6	797	0	
1	35	2	1	1	H	C	190217	190232	191160	192181	194199	8	0	0	0.6	926		0
1	36	1	1	1	A	D	195217	195232	196290	197315	199332	8	0	0	0.6	1058	0	
1	37	2	0	0	C	H	200350	200365	201170	202197	204215	7	1	-1	0.4	805		0
1	38	1	1	0	D	A	205233	205248	205977	207013	209031	7	1	0	0.4	728	0	
1	39	2	1	1	H	C	210049	210064	211353	212383	214397	8	0	0	0.4	1288		0
1	40	1	1	0	D	A	215415	215430	216150	217180	219197	7	1	0	0.4	720	0	
1	41	1	0	1	A	D	220215	220230	221173	222196	224213	8	0	1	0.6	942	0	
1	42	2	1	0	C	H	225231	225246	225668	226695	228713	8	0	-1	0.4	422		1
1	43	1	1	0	D	A	229731	229746	230415	231444	233462	7	1	0	0.4	668	0	
1	44	2	0	1	H	C	234480	234495	236628	237661	239678	8	0	-1	0.2	2132		0
1	45	2	1	1	H	C	240698	240711	242046	243077	245095	8	0	0	0.2	1334		0
1	46	1	1	0	D	A	246113	246128	246554	247577	249594	7	1	0	0.2	426	0	
1	47	2	1	0	C	H	250612	250627	253548	254577	256594	7	1	0	0.2	2921		0
1	48	2	1	1	H	C	257611	257627	259662	260693	262710	8	0	0	0.2	2034		0
1	49	1	0	1	A	D	263727	263743	264330	265358	267376	8	0	1	0.4	586	0	
1	50	1	1	0	D	A	268394	268409	271004	272025	274042	7	1	0	0.4	2594	0	
1	51	2	1	0	C	H	275060	275075	276366	277391	279408	7	1	0	0.4	1291		0
1	52	2	0	1	H	C	280426	280441	281934	282957	284974	8	0	-1	0.2	1493		0
1	53	1	1	1	A	D	285992	286008	286511	287540	289557	8	0	0	0.2	503	0	
1	54	1	1	1	A	D	290577	290590	291490	292524	294540	8	0	0	0.2	898	0	
1	55	2	1	0	C	H	295558	295573	297062	298090	300106	7	1	0	0.2	1488		0
1	56	1	1	0	D	A	301124	301140	302211	303239	305256	7	1	0	0.2	1071	0	
1	57	1	0	1	A	D	306274	306289	306986	308021	310039	8	0	1	0.4	696	0	
1	58	2	0	0	C	H	311057	311072	311954	312988	315005	7	1	-1	0.2	881		0
1	59	2	1	1	H	C	316023	316038	316872	317904	319921	8	0	0	0.2	833		0
1	60	1	0	0	D	A	320939	320954	321604	322637	324654	7	1	1	0.4	649	0	
2	1	1	1	0	X	K	331191	331204	333249	334271	336287	8	0	1	1.2	2044	1	
2	2	2	1	1	P	N	337306	337320	339636	340669	342686	8	0	0	1.2	2316		0
2	3	2	1	0	N	P	343704	343719	346280	347301	349319	8	0	-1	1	2560		1
2	4	1	0	1	K	X	350337	350352	351572	352602	354618	7	1	0	1	1220	1	
2	5	1	1	1	K	X	355638	355652	356495	357516	359535	7	1	1	1.2	842	1	
2	6	2	1	0	N	P	360552	360568	361654	362683	364701	7	1	0	1.2	1085		0
2	7	2	1	1	P	N	365719	365734	366629	367650	369667	8	0	0	1.2	894		0
2	8	1	1	0	X	K	370685	370700	371604	372633	374650	8	0	1	1.4	903	1	
2	9	2	0	1	P	N	375668	375683	376637	377665	379683	8	0	-1	1.2	954		0
2	10	1	1	1	K	X	380701	380716	381700	382733	384749	7	1	1	1.4	983	1	
2	11	2	1	0	N	P	385767	385782	389418	390448	392465	7	1	0	1.4	3635		0
2	12	1	0	0	X	K	393483	393498	394400	395432	397448	8	0	0	1.4	901	1	
2	13	1	1	1	K	X	398466	398481	399210	400247	402264	7	1	1	1.6	729	1	
2	14	2	0	0	N	P	403282	403297	405321	406346	408364	7	1	-1	1.4	2022		0
2	15	2	1	1	P	N	409382	409397	411769	412796	414813	7	1	-1	1.2	2372		1
2	16	1	1	0	X	K	415831	415846	416655	417679	419696	8	0	1	1.4	808	1	
2	17	2	0	1	P	N	420714	420729	422756	423778	425796	8	0	-1	1.2	2026		0
2	18	1	1	1	K	X	426813	426829	427354	428378	430395	7	1	1	1.4	524	1	
2	19	2	1	0	N	P	431413	431428	433467	434494	436511	7	1	0	1.4	2038		0
2	20	1	1	1	K	X	437529	437544	438233	439260	441278	7	1	1	1.6	688	1	
2	21	2	1	0	N	P	442295	442311	443614	444643	446661	7	1	0	1.6	1303		0
2	22	1	1	0	X	K	447678	447694	448387	449409	451427	8	0	1	1.8	693	1	
2	23	2	0	1	P	N	452445	452460	453784	454808	456826	8	0	-1	1.6	1323		0
2	24	2	1	1	P	N	457846	457859	458489	459525	461543	8	0	0	1.6	628		0
2	25	1	0	0	X	K	462560	462576	463117	464142	466159	8	0	0	1.6	541	1	
2	26	1	1	1	K	X	467177	467192	468117	469141	471158	7	1	1	1.8	925	1	
2	27	2	1	0	N	P	472176	472191	473040	474073	476091	7	1	0	1.8	848		0
2	28	1	1	0	X	K	477109	477124	477815	478839	480858	8	0	1	2	690	1	
2	29	2	1	1	P	N	481875	481891	482551	483573	485591	8	0	0	2	660		0
2	30	1	0	1	K	X	486608	486624	487575	488606	490623	7	1	0	2	951	1	
2	31	2	1	0	N	P	491641	491656	492608	493640	495656	7	1	0	2	951		0
2	32	2	0	0	N	P	496676	496689	498348	499371	501389	7	1	-1	1.8	1658		0
2	33	1	1	1	K	X	502407	502422	503178	504204	506222	7	1	1	2	756	1	
2	34	1	0	0	X	K	507240	507255	507841	508871	510888	8	0	0	2	585	1	
2	35	2	1	1	P	N	511906	511921	514965	515987	518004	8	0	0	2	3042		0
2	36	1	1	1	K	X	519022	519037	519957	520985	523004	7	1	1	2.2	919	1	
2	37	2	0	0	N	P	524022	524037	526001	527036	529053	7	1	-1	2	1964		0
2	38	1	1	0	X	K	530072	530086	530854	531885	533903	8	0	1	2.2	767	1	
2	39	2	1	1	P	N	534921	534936	535785	536818	538836	8	0	0	2.2	849		0
2	40	1	1	0	X	K	539854	539869	540704	541734	543752	8	0	1	2.4	835	1	
2	41	1	0	1	K	X	544770	544785	545384	546417	548435	7	1	0	2.4	599	1	
2	42	2	1	0	N	P	549453	549468	550611	551634	553651	7	1	0	2.4	1142		0
2	43	1	1	0	X	K	554669	554684	555288	556317	558334	8	0	1	2.6	602	1	
2	44	2	0	1	P	N	559352	559367	560091	561116	563134	8	0	-1	2.4	723		0
2	45	2	1	1	P	N	564153	564167	564882	565915	567933	8	0	0	2.4	715		0
2	46	1	1	0	X	K	568951	568966	569568	570599	572616	8	0	1	2.6	601	1	
2	47	2	1	0	N	P	573634	573649	574376	575399	577416	7	1	0	2.6	726		0
2	48	2	1	1	P	N	578434	578449	579283	580316	582332	8	0	0	2.6	834		0
2	49	1	0	1	K	X	583350	583365	584044	585081	587098	7	1	0	2.6	679	1	
2	50	1	1	0	X	K	588116	588132	589023	590047	592065	8	0	1	2.8	890	1	
2	51	2	1	0	N	P	593083	593098	593608	594630	596648	7	1	0	2.8	510		0
2	52	2	0	1	P	N	597665	597681	598389	599413	601431	8	0	-1	2.6	708		0
2	53	1	1	1	K	X	602448	602464	603011	604046	606063	7	1	1	2.8	547	1	
2	54	1	1	1	K	X	607083	607096	607701	608729	610746	7	1	1	3	605	1	
2	55	2	1	0	N	P	611764	611779	612537	613562	615579	7	1	0	3	757		0
2	56	1	1	0	X	K	616597	616612	617336	618361	620379	8	0	1	3.2	723	1	
2	57	1	0	1	K	X	621397	621412	622272	623295	625312	7	1	0	3.2	860	1	
2	58	2	0	0	N	P	626330	626345	627061	628093	630111	7	1	-1	3	716		0
2	59	2	1	1	P	N	631129	631144	631868	632893	634911	8	0	0	3	723		0
2	60	1	0	0	X	K	635929	635944	636495	637527	639544	8	0	0	3	550	1	
3	1	1	1	0	G	E	653644	653659	655843	656875	658892	7	1	0	1	2184	0	
3	2	2	1	1	I	F	659911	659925	661235	662256	664275	7	1	-1	0.8	1308		1
3	3	2	1	0	F	I	665293	665308	666686	667707	669725	7	1	0	0.8	1377		0
3	4	1	0	1	E	G	670742	670758	671992	673024	675041	7	1	0	0.8	1234	1	
3	5	1	1	1	E	G	676060	676074	679605	680640	682657	8	0	0	0.8	3530	0	
3	6	2	1	0	F	I	683675	683690	685944	686973	688990	7	1	0	0.8	2254		0
3	7	2	1	1	I	F	690008	690023	690591	691622	693639	8	0	0	0.8	568		0
3	8	1	1	0	G	E	694657	694672	695402	696437	698456	8	0	1	1	729	1	
3	9	2	0	1	I	F	699473	699489	700212	701236	703255	8	0	-1	0.8	722		0
3	10	1	1	1	E	G	704273	704288	706073	707104	709121	8	0	0	0.8	1785	0	
3	11	2	1	0	F	I	710139	710154	712038	713071	715087	7	1	0	0.8	1883		0
3	12	1	0	0	G	E	716105	716120	717242	718270	720287	8	0	0	0.8	1121	1	
3	13	1	1	1	E	G	721305	721320	722840	723870	725887	8	0	0	0.8	1520	0	
3	14	2	0	0	F	I	726904	726920	727877	728901	730919	7	1	-1	0.6	957		0
3	15	2	1	1	I	F	731937	731952	733543	734568	736586	8	0	0	0.6	1590		0
3	16	1	1	0	G	E	737603	737619	738119	739151	741169	8	0	1	0.8	500	1	
3	17	2	0	1	I	F	742187	742202	745987	747017	749035	7	1	0	0.8	3785		1
3	18	1	1	1	E	G	750052	750068	751266	752300	754317	8	0	0	0.8	1198	0	
3	19	2	1	0	F	I	755335	755350	757055	758083	760100	7	1	0	0.8	1704		0
3	20	1	1	1	E	G	761118	761133	762536	763566	765583	8	0	0	0.8	1402	0	
3	21	2	1	0	F	I	766601	766616	767618	768649	770666	7	1	0	0.8	1002		0
3	22	1	1	0	G	E	771684	771699	772224	773249	775266	8	0	1	1	525	1	
3	23	2	0	1	I	F	776284	776299	777189	778213	780232	8	0	-1	0.8	890		0
3	24	2	1	1	I	F	781252	781265	782598	783631	785648	7	1	-1	0.6	1333		1
3	25	1	0	0	G	E	786666	786681	787556	788580	790598	8	0	0	0.6	875	1	
3	26	1	1	1	E	G	791616	791631	792622	793646	795664	7	1	1	0.8	991	1	
3	27	2	1	0	F	I	796682	796697	798895	799929	801947	7	1	0	0.8	2198		0
3	28	1	1	0	G	E	802964	802980	803805	804828	806846	8	0	1	1	825	1	
3	29	2	1	1	I	F	807864	807879	809528	810562	812579	8	0	0	1	1648		0
3	30	1	0	1	E	G	813597	813612	815963	816995	819012	7	1	0	1	2351	1	
3	31	2	1	0	F	I	820030	820045	821017	822044	824061	7	1	0	1	972		0
3	32	2	0	0	F	I	825081	825094	826913	827942	829961	7	1	-1	0.8	1818		0
3	33	1	1	1	E	G	830979	830994	832346	833376	835394	8	0	0	0.8	1352	0	
3	34	1	0	0	G	E	836412	836427	837064	838093	840110	8	0	0	0.8	636	1	
3	35	2	1	1	I	F	841128	841143	842757	843793	845810	8	0	0	0.8	1614		0
3	36	1	1	1	E	G	846827	846843	847422	848458	850476	7	1	1	1	579	1	
3	37	2	0	0	F	I	851494	851509	852269	853290	855309	7	1	-1	0.8	760		0
3	38	1	1	0	G	E	856327	856342	857067	858090	860108	8	0	1	1	724	1	
3	39	2	1	1	I	F	861126	861141	861445	862472	864491	7	1	-1	0.8	303		1
3	40	1	1	0	G	E	865509	865524	865837	866856	868874	8	0	1	1	311	1	
3	41	1	0	1	E	G	869892	869907	870418	871439	873457	8	0	1	1.2	510	0	
3	42	2	1	0	F	I	874475	874490	874768	875788	877807	8	0	-1	1	277		1
3	43	1	1	0	G	E	878824	878840	879169	880205	882223	8	0	1	1.2	329	1	
3	44	2	0	1	I	F	883241	883256	883856	884887	886906	8	0	-1	1	600		0
3	45	2	1	1	I	F	887925	887939	888647	889671	891689	8	0	0	1	708		0
3	46	1	1	0	G	E	892707	892722	893220	894253	896272	8	0	1	1.2	498	1	
3	47	2	1	0	F	I	897290	897305	897848	898871	900888	7	1	0	1.2	543		0
3	48	2	1	1	I	F	901906	901921	902655	903687	905704	8	0	0	1.2	734		0
3	49	1	0	1	E	G	906722	906737	907352	908387	910404	7	1	0	1.2	614	1	
3	50	1	1	0	G	E	911422	911437	911990	913019	915037	8	0	1	1.4	552	1	
3	51	2	1	0	F	I	916055	916070	916724	917752	919770	7	1	0	1.4	654		0
3	52	2	0	1	I	F	920788	920803	921311	922335	924353	8	0	-1	1.2	508		0
3	53	1	1	1	E	G	925371	925386	925861	926885	928902	7	1	1	1.4	475	1	
3	54	1	1	1	E	G	929922	929935	930454	931485	933502	7	1	1	1.6	518	1	
3	55	2	1	0	F	I	934520	934535	935788	936817	938835	7	1	0	1.6	1253		0
3	56	1	1	0	G	E	939853	939868	940558	941584	943601	8	0	1	1.8	690	1	
3	57	1	0	1	E	G	944619	944634	945073	946100	948117	7	1	0	1.8	438	1	
3	58	2	0	0	F	I	949135	949150	949667	950700	952717	7	1	-1	1.6	516		0
3	59	2	1	1	I	F	953735	953750	954257	955282	957300	8	0	0	1.6	507		0
3	60	1	0	0	G	E	958318	958333	959103	960133	962150	8	0	0	1.6	770	1	
Total money won 5
