Participant P054visit number -1
Stimuli number 1
Scanner Trigger at time 6000
run_number	trial_number	trial_type	outcome_type	side_type	left_stim	right_stim	stim_onset	choice_onset	interval_onset	outcome_onset	ITI_onset	button_pressed	side_chosen	trial_outcome	total	reaction_time	win_out	loss_out
1	1	2	1	0	C	H	3	16	3141	4168	6182	7	1	0	1	3123		0
1	2	1	1	1	D	A	7201	7215	10143	11167	13181	7	1	1	1.2	2927	1	
1	3	1	1	0	A	D	14199	14214	18849	19879	21897	7	1	0	1.2	4634	0	
1	4	2	0	1	H	C	22915	22930	25051	26080	28097	7	1	0	1.2	2120		1
1	5	2	1	1	H	C	29115	29130	31963	32996	35013	7	1	-1	1	2832		1
1	6	1	1	0	A	D	36031	36046	37286	38312	40329	8	0	1	1.2	1239	1	
1	7	1	1	1	D	A	41347	41362	43709	44746	46762	7	1	1	1.4	2346	1	
1	8	2	1	0	C	H	47780	47795	49399	50428	52445	7	1	0	1.4	1603		0
1	9	1	0	1	D	A	53462	53478	54922	55944	57961	7	1	0	1.4	1443	1	
1	10	2	1	1	H	C	58979	58994	61565	62593	64610	7	1	-1	1.2	2570		1
1	11	1	1	0	A	D	65628	65643	67017	68042	70060	8	0	1	1.4	1373	1	
1	12	2	0	0	C	H	71077	71093	72312	73344	75359	7	1	-1	1.2	1218		0
1	13	2	1	1	H	C	76377	76392	78081	79107	81125	8	0	0	1.2	1688		0
1	14	1	0	0	A	D	82143	82158	83303	84325	86342	8	0	0	1.2	1144	1	
1	15	1	1	1	D	A	87359	87375	88429	89458	91475	7	1	1	1.4	1053	1	
1	16	2	1	0	C	H	92492	92508	94307	95340	97357	7	1	0	1.4	1798		0
1	17	1	0	1	D	A	98375	98390	101006	102041	104057	7	1	0	1.4	2615	1	
1	18	2	1	1	H	C	105074	105090	106494	107524	109540	8	0	0	1.4	1404		0
1	19	1	1	0	A	D	110557	110573	112358	113389	115406	8	0	1	1.6	1784	1	
1	20	2	1	1	H	C	116424	116439	119124	120156	122172	7	1	-1	1.4	2685		1
1	21	1	1	0	A	D	123190	123205	124857	125888	127905	8	0	1	1.6	1651	1	
1	22	2	1	0	C	H	128923	128938	129856	130887	132904	7	1	0	1.6	918		0
1	23	1	0	1	D	A	133922	133937	136876	137908	139920	8	0	1	1.8	2938	0	
1	24	1	1	1	D	A	140939	140953	143009	144035	146055	8	0	0	1.8	2055	0	
1	25	2	0	0	C	H	147071	147086	148607	149635	151653	7	1	-1	1.6	1521		0
1	26	2	1	1	H	C	152671	152686	154684	155718	157735	8	0	0	1.6	1998		0
1	27	1	1	0	A	D	158753	158768	159989	161018	163035	8	0	1	1.8	1220	1	
1	28	2	1	0	C	H	164053	164068	166773	167800	169818	7	1	0	1.8	2705		0
1	29	1	1	1	D	A	170835	170851	173134	174167	176183	8	0	0	1.8	2283	0	
1	30	2	0	1	H	C	177202	177217	181182	182216	184233	8	0	-1	1.6	3965		0
1	31	1	1	0	A	D	185251	185266	186224	187250	189266	8	0	1	1.8	958	1	
1	32	1	0	0	A	D	190285	190299	191077	192099	194115	8	0	0	1.8	778	1	
1	33	2	1	1	H	C	195133	195148	197859	198881	200898	7	1	-1	1.6	2711		1
1	34	2	0	0	C	H	201916	201931	203072	204097	206114	7	1	-1	1.4	1140		0
1	35	1	1	1	D	A	207132	207147	209426	210448	212464	8	0	0	1.4	2278	0	
1	36	2	1	1	H	C	213481	213497	214732	215763	217780	8	0	0	1.4	1235		0
1	37	1	0	0	A	D	218798	218813	219359	220396	222413	8	0	0	1.4	546	1	
1	38	2	1	0	C	H	223431	223446	224798	225828	227846	7	1	0	1.4	1352		0
1	39	1	1	1	D	A	228863	228879	230055	231078	233095	7	1	1	1.6	1176	1	
1	40	2	1	0	C	H	234113	234128	235083	236112	238128	7	1	0	1.6	954		0
1	41	2	0	1	H	C	239146	239161	240815	241843	243861	8	0	-1	1.4	1653		0
1	42	1	1	0	A	D	244879	244894	245599	246626	248644	8	0	1	1.6	704	1	
1	43	2	1	0	C	H	249662	249677	250690	251726	253744	7	1	0	1.6	1013		0
1	44	1	0	1	D	A	254761	254777	256041	257076	259093	7	1	0	1.6	1264	1	
1	45	1	1	1	D	A	260112	260126	260790	261825	263843	7	1	1	1.8	663	1	
1	46	2	1	0	C	H	264860	264876	266258	267291	269309	7	1	0	1.8	1382		0
1	47	1	1	0	A	D	270327	270342	271114	272141	274158	8	0	1	2	772	1	
1	48	1	1	1	D	A	275176	275191	275771	276807	278825	7	1	1	2.2	579	1	
1	49	2	0	1	H	C	279842	279858	281040	282073	284091	8	0	-1	2	1182		0
1	50	2	1	0	C	H	285108	285124	286246	287273	289290	7	1	0	2	1122		0
1	51	1	1	0	A	D	290308	290323	290866	291889	293907	8	0	1	2.2	542	1	
1	52	1	0	1	D	A	294925	294940	295718	296739	298756	7	1	0	2.2	778	1	
1	53	2	1	1	H	C	299774	299789	300864	301889	303906	8	0	0	2.2	1074		0
1	54	2	1	1	H	C	304925	304939	306734	307755	309772	8	0	0	2.2	1795		0
1	55	1	1	0	A	D	310790	310805	311546	312571	314588	8	0	1	2.4	741	1	
1	56	2	1	0	C	H	315606	315621	316715	317737	319754	7	1	0	2.4	1093		0
1	57	2	0	1	H	C	320772	320787	322067	323103	325121	8	0	-1	2.2	1279		0
1	58	1	0	0	A	D	326138	326154	327066	328086	330103	8	0	0	2.2	912	1	
1	59	1	1	1	D	A	331121	331137	332054	333086	335103	7	1	1	2.4	917	1	
1	60	2	0	0	C	H	336121	336136	336737	337768	339786	7	1	-1	2.2	600		0
2	1	1	1	0	K	X	342737	342752	345607	346639	348652	7	1	0	1	2854	0	
2	2	2	1	1	P	N	349671	349685	352063	353083	355101	7	1	-1	0.8	2377		1
2	3	2	1	0	N	P	356119	356134	358119	359151	361167	7	1	0	0.8	1984		0
2	4	1	0	1	X	K	362185	362200	365267	366300	368317	7	1	0	0.8	3066	1	
2	5	1	1	1	X	K	369336	369350	371473	372499	374516	8	0	0	0.8	2122	0	
2	6	2	1	0	N	P	375534	375549	377944	378965	380982	8	0	-1	0.6	2394		1
2	7	2	1	1	P	N	382000	382015	384177	385197	387215	8	0	0	0.6	2161		0
2	8	1	1	0	K	X	388233	388248	390643	391665	393681	8	0	1	0.8	2394	1	
2	9	2	0	1	P	N	394699	394714	396297	397329	399347	8	0	-1	0.6	1582		0
2	10	1	1	1	X	K	400365	400380	402514	403546	405563	7	1	1	0.8	2133	1	
2	11	2	1	0	N	P	406581	406597	408372	409396	411413	7	1	0	0.8	1775		0
2	12	1	0	0	K	X	412431	412446	414871	415896	417912	8	0	0	0.8	2424	1	
2	13	1	1	1	X	K	418930	418945	421407	422427	424445	7	1	1	1	2461	1	
2	14	2	0	0	N	P	425463	425478	426946	427976	429995	7	1	-1	0.8	1467		0
2	15	2	1	1	P	N	431012	431028	432613	433643	435661	8	0	0	0.8	1584		0
2	16	1	1	0	K	X	436679	436694	438206	439226	441244	8	0	1	1	1511	1	
2	17	2	0	1	P	N	442261	442277	444950	445975	447993	8	0	-1	0.8	2672		0
2	18	1	1	1	X	K	449011	449026	451185	452208	454226	7	1	1	1	2158	1	
2	19	2	1	0	N	P	455244	455259	457558	458594	460609	7	1	0	1	2298		0
2	20	1	1	1	X	K	461626	461642	463838	464873	466891	7	1	1	1.2	2195	1	
2	21	2	1	0	N	P	467909	467924	470991	472023	474041	8	0	-1	1	3066		1
2	22	1	1	0	K	X	475058	475074	475861	476890	478907	8	0	1	1.2	786	1	
2	23	2	0	1	P	N	479925	479940	481971	483005	485023	8	0	-1	1	2030		0
2	24	2	1	1	P	N	486042	486056	488200	489221	491239	8	0	0	1	2143		0
2	25	1	0	0	K	X	492257	492272	493101	494122	496139	8	0	0	1	828	1	
2	26	1	1	1	X	K	497157	497172	498953	499988	502005	7	1	1	1.2	1780	1	
2	27	2	1	0	N	P	503023	503038	505280	506303	508321	7	1	0	1.2	2241		0
2	28	1	1	0	K	X	509339	509354	510287	511320	513337	8	0	1	1.4	933	1	
2	29	2	1	1	P	N	514355	514370	517424	518452	520470	7	1	-1	1.2	3054		1
2	30	1	0	1	X	K	521488	521503	522436	523470	525486	7	1	0	1.2	933	1	
2	31	2	1	0	N	P	526504	526519	528778	529802	531819	7	1	0	1.2	2259		0
2	32	2	0	0	N	P	532838	532852	534553	535584	537602	7	1	-1	1	1700		0
2	33	1	1	1	X	K	538620	538635	539576	540601	542618	7	1	1	1.2	941	1	
2	34	1	0	0	K	X	543636	543651	544544	545568	547584	8	0	0	1.2	893	1	
2	35	2	1	1	P	N	548602	548617	549790	550817	552834	8	0	0	1.2	1173		0
2	36	1	1	1	X	K	553851	553867	554646	555666	557683	7	1	1	1.4	778	1	
2	37	2	0	0	N	P	558701	558716	560395	561416	563433	7	1	-1	1.2	1677		0
2	38	1	1	0	K	X	564451	564466	565107	566132	568149	8	0	1	1.4	640	1	
2	39	2	1	1	P	N	569167	569182	570915	571948	573965	8	0	0	1.4	1733		0
2	40	1	1	0	K	X	574983	574998	575606	576631	578648	8	0	1	1.6	607	1	
2	41	1	0	1	X	K	579666	579681	580349	581380	583398	7	1	0	1.6	667	1	
2	42	2	1	0	N	P	584416	584431	585983	587016	589031	7	1	0	1.6	1552		0
2	43	1	1	0	K	X	590048	590064	590725	591746	593764	8	0	1	1.8	661	1	
2	44	2	0	1	P	N	594781	594797	596097	597134	599146	8	0	-1	1.6	1299		0
2	45	2	1	1	P	N	600165	600179	601743	602778	604796	8	0	0	1.6	1562		0
2	46	1	1	0	K	X	605814	605829	606541	607562	609579	8	0	1	1.8	712	1	
2	47	2	1	0	N	P	610597	610612	611713	612744	614762	7	1	0	1.8	1101		0
2	48	2	1	1	P	N	615780	615795	617556	618577	620595	7	1	-1	1.6	1761		1
2	49	1	0	1	X	K	621612	621628	622353	623376	625394	7	1	0	1.6	725	1	
2	50	1	1	0	K	X	626412	626427	627089	628109	630127	8	0	1	1.8	661	1	
2	51	2	1	0	N	P	631145	631160	632584	633610	635627	7	1	0	1.8	1424		0
2	52	2	0	1	P	N	636644	636660	638757	639792	641809	8	0	-1	1.6	2097		0
2	53	1	1	1	X	K	642827	642842	643593	644626	646642	7	1	1	1.8	750	1	
2	54	1	1	1	X	K	647661	647675	648334	649358	651375	7	1	1	2	658	1	
2	55	2	1	0	N	P	652393	652408	653892	654924	656941	7	1	0	2	1483		0
2	56	1	1	0	K	X	657959	657974	658782	659806	661824	8	0	1	2.2	807	1	
2	57	1	0	1	X	K	662842	662857	663623	664656	666674	7	1	0	2.2	765	1	
2	58	2	0	0	N	P	667692	667707	668617	669639	671657	7	1	-1	2	910		0
2	59	2	1	1	P	N	672674	672690	674042	675073	677090	8	0	0	2	1352		0
2	60	1	0	0	K	X	678107	678123	678833	679855	681872	8	0	0	2	710	1	
3	1	1	1	0	E	G	687540	687555	689905	690937	692955	7	1	0	1	2349	0	
3	2	2	1	1	I	F	693974	693988	695698	696721	698738	7	1	-1	0.8	1710		1
3	3	2	1	0	F	I	699756	699771	701143	702170	704187	7	1	0	0.8	1372		0
3	4	1	0	1	G	E	705205	705220	706893	707920	709937	7	1	0	0.8	1672	1	
3	5	1	1	1	G	E	710955	710970	712600	713636	715653	8	0	0	0.8	1630	0	
3	6	2	1	0	F	I	716671	716686	719445	720470	722486	7	1	0	0.8	2759		0
3	7	2	1	1	I	F	723503	723519	725545	726567	728585	8	0	0	0.8	2026		0
3	8	1	1	0	E	G	729603	729618	734355	735384	737401	7	1	0	0.8	4736	0	
3	9	2	0	1	I	F	738419	738434	740751	741784	743800	7	1	0	0.8	2316		1
3	10	1	1	1	G	E	744818	744833	747038	748069	750083	8	0	0	0.8	2204	0	
3	11	2	1	0	F	I	751101	751116	753457	754483	756499	7	1	0	0.8	2340		0
3	12	1	0	0	E	G	757517	757532	758849	759881	761899	7	1	1	1	1316	0	
3	13	1	1	1	G	E	762916	762932	765217	766248	768265	8	0	0	1	2285	0	
3	14	2	0	0	F	I	769283	769298	771188	772214	774231	8	0	0	1	1889		1
3	15	2	1	1	I	F	775249	775264	777045	778081	780097	8	0	0	1	1780		0
3	16	1	1	0	E	G	781115	781130	783756	784781	786797	7	1	0	1	2625	0	
3	17	2	0	1	I	F	787814	787830	790912	791947	793963	7	1	0	1	3082		1
3	18	1	1	1	G	E	794980	794996	795899	796929	798946	8	0	0	1	903	0	
3	19	2	1	0	F	I	799963	799979	801595	802628	804645	7	1	0	1	1616		0
3	20	1	1	1	G	E	805663	805678	806613	807645	809661	8	0	0	1	934	0	
3	21	2	1	0	F	I	810679	810694	811881	812914	814927	7	1	0	1	1186		0
3	22	1	1	0	E	G	815945	815960	817297	818326	820344	7	1	0	1	1336	0	
3	23	2	0	1	I	F	821361	821377	823666	824692	826710	8	0	-1	0.8	2289		0
3	24	2	1	1	I	F	827729	827743	828837	829858	831876	7	1	-1	0.6	1093		1
3	25	1	0	0	E	G	832894	832909	833757	834794	836809	7	1	1	0.8	847	0	
3	26	1	1	1	G	E	837827	837842	838644	839674	841692	8	0	0	0.8	801	0	
3	27	2	1	0	F	I	842709	842725	845029	846059	848075	7	1	0	0.8	2303		0
3	28	1	1	0	E	G	849092	849108	850028	851058	853074	7	1	0	0.8	920	0	
3	29	2	1	1	I	F	854092	854107	855963	856991	859007	7	1	-1	0.6	1855		1
3	30	1	0	1	G	E	860025	860040	860888	861924	863940	8	0	1	0.8	847	0	
3	31	2	1	0	F	I	864958	864973	868039	869071	871089	7	1	0	0.8	3065		0
3	32	2	0	0	F	I	872109	872122	873068	874104	876122	7	1	-1	0.6	945		0
3	33	1	1	1	G	E	877140	877155	878227	879255	881272	8	0	0	0.6	1071	0	
3	34	1	0	0	E	G	882289	882305	882997	884020	886038	7	1	1	0.8	691	0	
3	35	2	1	1	I	F	887055	887071	889201	890239	892254	8	0	0	0.8	2129		0
3	36	1	1	1	G	E	893272	893287	894366	895387	897403	8	0	0	0.8	1078	0	
3	37	2	0	0	F	I	898421	898437	900059	901086	903103	7	1	-1	0.6	1622		0
3	38	1	1	0	E	G	904121	904136	905092	906119	908136	7	1	0	0.6	955	0	
3	39	2	1	1	I	F	909154	909169	911003	912035	914052	8	0	0	0.6	1833		0
3	40	1	1	0	E	G	915070	915085	916529	917551	919568	7	1	0	0.6	1443	0	
3	41	1	0	1	G	E	920586	920601	921506	922536	924551	8	0	1	0.8	904	0	
3	42	2	1	0	F	I	925569	925584	927759	928783	930801	7	1	0	0.8	2174		0
3	43	1	1	0	E	G	931818	931834	932903	933935	935950	7	1	0	0.8	1068	0	
3	44	2	0	1	I	F	936968	936983	938210	939232	941250	7	1	0	0.8	1226		1
3	45	2	1	1	I	F	942268	942283	943606	944633	946649	7	1	-1	0.6	1323		1
3	46	1	1	0	E	G	947667	947682	948628	949665	951682	7	1	0	0.6	946	0	
3	47	2	1	0	F	I	952700	952715	954641	955664	957682	7	1	0	0.6	1925		0
3	48	2	1	1	I	F	958699	958715	962137	963163	965181	7	1	-1	0.4	3422		1
3	49	1	0	1	G	E	966199	966214	966992	968013	970030	8	0	1	0.6	777	0	
3	50	1	1	0	E	G	971048	971063	971838	972862	974880	7	1	0	0.6	774	0	
3	51	2	1	0	F	I	975898	975913	978309	979346	981363	8	0	-1	0.4	2396		1
3	52	2	0	1	I	F	982381	982396	983788	984814	986829	7	1	0	0.4	1392		1
3	53	1	1	1	G	E	987847	987862	988879	989911	991929	8	0	0	0.4	1017	0	
3	54	1	1	1	G	E	992948	992962	994088	995111	997128	8	0	0	0.4	1126	0	
3	55	2	1	0	F	I	998146	998161	1000584	1001610	1003627	7	1	0	0.4	2423		0
3	56	1	1	0	E	G	1004645	1004661	1005892	1006927	1008944	7	1	0	0.4	1231	0	
3	57	1	0	1	G	E	1009961	1009977	1010702	1011726	1013743	8	0	1	0.6	725	0	
3	58	2	0	0	F	I	1014761	1014776	1016235	1017258	1019276	7	1	-1	0.4	1458		0
3	59	2	1	1	I	F	1020294	1020309	1022298	1023325	1025342	7	1	-1	0.2	1989		1
3	60	1	0	0	E	G	1026360	1026375	1027065	1028091	1030108	7	1	1	0.4	690	0	
Total money won 4.6
